temperature	asymmetry	asymmetry_errorbar	asymmetry_fit
0.0	0.23500696044935956	0.0018503342215529938	0.23502639510769044	
3.9215686274509804e-08	0.2301383903775471	0.0018669753168764696	0.23358222818639107	
7.843137254901961e-08	0.23438881639482378	0.0018814003282087298	0.23157593090902784	
1.1764705882352942e-07	0.22995634063874693	0.0018997582190654796	0.22923051804080452	
1.5686274509803921e-07	0.22850958313560998	0.0019127924283651202	0.22680298645585323	
1.96078431372549e-07	0.22591573604463958	0.00193564186010961	0.22454177009355147	
2.3529411764705883e-07	0.221687313403558	0.0019538652281593516	0.22264927174031865	
2.7450980392156863e-07	0.2220864968461959	0.0019716057211589676	0.22125477010676237	
3.1372549019607843e-07	0.21535975133493576	0.001989305076927777	0.22040094272726315	
3.529411764705882e-07	0.22104870451294584	0.002006585048451799	0.22004487158169903	
3.92156862745098e-07	0.22298957647038445	0.002022497620631162	0.22007210085692475	
4.313725490196078e-07	0.22106064849649862	0.0020405629484126337	0.22032044056488043	
4.7058823529411767e-07	0.22158292070701438	0.002064375324960962	0.22060900631921615	
5.098039215686274e-07	0.21763169897329693	0.0020805058714684554	0.22076757977844444	
5.490196078431373e-07	0.22156185434066208	0.0020973333009415055	0.22066175806177019	
5.88235294117647e-07	0.21966809351768596	0.002116322468669873	0.22021040541970524	
6.274509803921569e-07	0.21982747898399269	0.0021410856264543004	0.219393408094444	
6.666666666666667e-07	0.21917953455516423	0.002154899708625299	0.21824939649226216	
7.058823529411765e-07	0.21482906216085737	0.002177641922892363	0.216864666981812	
7.450980392156863e-07	0.2149275501765932	0.0021997112307502406	0.21535577669749362	
7.84313725490196e-07	0.21529619312598208	0.0022123926896198253	0.21384903715204956	
8.235294117647058e-07	0.21125991885562306	0.002234064194510355	0.21246032389900482	
8.627450980392156e-07	0.2092930641706483	0.0022525836543949842	0.21127826999206603	
9.019607843137255e-07	0.20830061848094494	0.002276736089200562	0.21035312181401258	
9.411764705882353e-07	0.20825884221824448	0.002298426372870049	0.2096924667516373	
9.80392156862745e-07	0.20825923756757903	0.0023201960175128736	0.20926388179132882	
1.0196078431372548e-06	0.2076687667143633	0.002340944903259326	0.2090034864049963	
1.0588235294117646e-06	0.21105772623212452	0.0023570074768395656	0.20882856718350157	
1.0980392156862745e-06	0.20554942470757032	0.0023856246184936333	0.20865197867923924	
1.1372549019607845e-06	0.20546905637627572	0.0024029939354066644	0.20839595475781963	
1.176470588235294e-06	0.20732511938539094	0.0024251809030035897	0.20800326358625892	
1.215686274509804e-06	0.21142722812388975	0.0024390757838687774	0.20744422886899283	
1.2549019607843137e-06	0.2050822431476867	0.002471011053005809	0.20671890407574786	
1.2941176470588235e-06	0.20679181960887721	0.0024943979658346967	0.2058544926139693	
1.3333333333333334e-06	0.20755326678180436	0.0025179605442129686	0.20489882783574304	
1.3725490196078432e-06	0.20570496213449713	0.002534360629048758	0.2039112593828461	
1.411764705882353e-06	0.20595858344947537	0.0025633549956115545	0.20295257157081892	
1.4509803921568629e-06	0.20681235494848518	0.0025850110570096126	0.20207556479900934	
1.4901960784313726e-06	0.20494258034037077	0.0026070972126505305	0.20131768566616903	
1.5294117647058821e-06	0.20482248837515374	0.0026290140638027615	0.20069665526530286	
1.568627450980392e-06	0.19832585805042818	0.002656637621191426	0.20020950173978236	
1.607843137254902e-06	0.20156921850854773	0.0026818017237716075	0.1998348453818133	
1.6470588235294116e-06	0.200142708253448	0.0027015422265919296	0.1995377991579164	
1.6862745098039217e-06	0.1995083541127158	0.0027244145350519898	0.19927650261647561	
1.7254901960784313e-06	0.2006931553471118	0.0027540052035006364	0.1990091431942915	
1.7647058823529412e-06	0.20177273291689282	0.0027709385687786146	0.19870034519035007	
1.803921568627451e-06	0.1974798300181146	0.0028115706194157693	0.19832600233576195	
1.8431372549019605e-06	0.19896094956683263	0.002823477951896735	0.19787595002890085	
1.8823529411764707e-06	0.19628567456908605	0.0028480251188996377	0.19735425786167438	
1.9215686274509804e-06	0.19294564879461526	0.002886258087629899	0.19677730738599433	
1.96078431372549e-06	0.19516252596473563	0.0029061838912325753	0.19617014523918805	
2e-06	0.19152617951918177	0.0029242064521037966	0.19556182310565476	
2.0392156862745097e-06	0.1921489693945567	0.0029670134190063584	0.19498052873631033	
2.07843137254902e-06	0.19239618799371347	0.0029916694019335305	0.19444927348336102	
2.117647058823529e-06	0.19577581746770586	0.0030090743358411253	0.19398274906492008	
2.156862745098039e-06	0.19386532841023507	0.003036411442883898	0.19358573301691576	
2.196078431372549e-06	0.1898076555389376	0.0030620339640562277	0.1932531513834162	
2.235294117647059e-06	0.1892659040201105	0.003097957995376823	0.1929716435036749	
2.274509803921569e-06	0.1903174716575967	0.0031197650824295693	0.1927222570794604	
2.3137254901960787e-06	0.19092946597005436	0.0031664902846807877	0.19248376113706878	
2.352941176470588e-06	0.19266513550715433	0.003179510625677636	0.19223601488844289	
2.3921568627450978e-06	0.19166874364359232	0.003202478336643865	0.19196287144065521	
2.431372549019608e-06	0.1912771075989612	0.0032245617092464315	0.19165421254637424	
2.4705882352941177e-06	0.1871846453242354	0.003273451104763117	0.19130687942819813	
2.5098039215686274e-06	0.1900672619418433	0.0032899912957010686	0.19092445470832933	
2.549019607843137e-06	0.19103096976263056	0.0033275758759782836	0.19051603062987932	
2.588235294117647e-06	0.18984290127693712	0.003361943033913415	0.19009424230567618	
2.6274509803921567e-06	0.18309827320433136	0.0033787205091289005	0.18967293288455678	
2.666666666666667e-06	0.18853998277409875	0.003415561748716106	0.1892648416442581	
2.7058823529411766e-06	0.19232393077956667	0.0034405414426429836	0.18887966804617476	
2.7450980392156863e-06	0.19128632386782193	0.003480945851928087	0.18852277601399772	
2.7843137254901965e-06	0.18644343697775162	0.0035169404519173873	0.1881946812149539	
2.823529411764706e-06	0.18999273691865046	0.0035375315340435477	0.1878913314413505	
2.862745098039216e-06	0.18757729716309884	0.003574965788078137	0.1876050676460114	
2.9019607843137257e-06	0.18764932720607216	0.0036123478425041993	0.18732605867862812	
2.9411764705882355e-06	0.1900247753400998	0.0036286544318297046	0.1870439483249957	
2.980392156862745e-06	0.18533889614629412	0.0036745590116919686	0.18674944368846702	
3.0196078431372545e-06	0.18893571940068288	0.003709142669757928	0.18643560678579557	
3.0588235294117643e-06	0.18763944239647745	0.0037393877595381605	0.1860986776881702	
3.0980392156862744e-06	0.18915411011137795	0.0037690754225648696	0.1857383444686593	
3.137254901960784e-06	0.18523368135909202	0.003800631345974078	0.18535746748461948	
3.1764705882352943e-06	0.18413421621346993	0.003843663135153066	0.18496134850778437	
3.215686274509804e-06	0.18945608279027173	0.003874478991978995	0.18455669700718522	
3.2549019607843134e-06	0.18742014821681807	0.003918493973455486	0.18415047888120986	
3.294117647058823e-06	0.19019904752412686	0.003930600831605142	0.1837488346027348	
3.3333333333333337e-06	0.18282316054095518	0.003974115884066399	0.18335622658909032	
3.3725490196078435e-06	0.1881143271701431	0.004012434508428559	0.18297492633963644	
3.4117647058823532e-06	0.18208001811560834	0.004046662315588805	0.1826048900023102	
3.4509803921568626e-06	0.1895725172569927	0.004095612296508755	0.18224400713803235	
3.4901960784313723e-06	0.18534262211024977	0.004122064419553635	0.1818886515242509	
3.5294117647058825e-06	0.18830330365840545	0.004173547694176218	0.18153442275179055	
3.568627450980392e-06	0.17468667568126442	0.004210423270179381	0.18117694787512664	
3.607843137254902e-06	0.17737501582064025	0.004235199434858684	0.18081261465094373	
3.6470588235294117e-06	0.17448622809371941	0.004285717956117739	0.18043912967704856	
3.686274509803921e-06	0.18614015963929897	0.004318491428571523	0.18005583096578054	
3.7254901960784316e-06	0.17575544003394583	0.004362957772052311	0.17966372832563288	
3.7647058823529414e-06	0.17743568269325824	0.00437547520388441	0.17926528898768443	
3.803921568627451e-06	0.1716810507803604	0.0044476816872631416	0.17886402342255395	
3.843137254901961e-06	0.1693776243420892	0.0044740879512448345	0.17846395207391133	
3.882352941176471e-06	0.1731741268092941	0.0045382328267944624	0.17806904486568098	
3.92156862745098e-06	0.1718106910587311	0.004578085120450875	0.17768272140538882	
3.96078431372549e-06	0.1776472053173401	0.00461378778912578	0.1773074827362503	
4e-06	0.18123550920320125	0.004618698708703253	0.1769447190605297	
4.0392156862745096e-06	0.169108615779705	0.00467779074357346	0.17659470694432133	
4.078431372549019e-06	0.17583960766650947	0.004704416136427986	0.1762567792548144	
4.11764705882353e-06	0.17953219007236612	0.004783276838891935	0.175929626058324	
4.15686274509804e-06	0.1777645329881427	0.004820954717878192	0.1756116682971382	
4.196078431372549e-06	0.16640258080018952	0.004849774647415428	0.1753014400235482	
4.235294117647058e-06	0.17787457255677896	0.004895073026882405	0.17499791931297917	
4.274509803921568e-06	0.17544461819188403	0.004939720721798206	0.17470076112411542	
4.313725490196078e-06	0.17197462036244612	0.00499087365306728	0.17441040453079246	
4.352941176470588e-06	0.17054112983737743	0.005032797457141553	0.1741280484507612	
4.392156862745098e-06	0.1793562981112518	0.005057395579691806	0.1738555106881264	
4.431372549019608e-06	0.17941453057459011	0.005102147522602977	0.17359500170482645	
4.470588235294118e-06	0.18143676064946174	0.005174688307466169	0.17334885485687973	
4.509803921568627e-06	0.16701609336136675	0.005234012118790023	0.17311925784351098	
4.549019607843138e-06	0.17149778498270277	0.005242672908912283	0.17290802600338764	
4.588235294117648e-06	0.18344154440016486	0.005277680609435489	0.17271644811061124	
4.627450980392157e-06	0.1738662516910713	0.005330905731569506	0.17254522152141136	
4.666666666666667e-06	0.1660206956895636	0.005402024820336115	0.1723944783537263	
4.705882352941176e-06	0.16982429041962688	0.005469158233668131	0.1722638902926578	
4.745098039215686e-06	0.174810548249447	0.00550862910277345	0.17215282867068357	
4.7843137254901955e-06	0.17563711361689996	0.005546067985154483	0.17206055007374804	
4.823529411764706e-06	0.1796999042892642	0.005596261892935514	0.1719863764535083	
4.862745098039216e-06	0.17607149366198838	0.005679388719530415	0.17192984232525593	
4.901960784313726e-06	0.16990107429280119	0.00571090127557819	0.1718907891192725	
4.941176470588235e-06	0.16588513965195176	0.00577647477848026	0.17186939663952935	
4.980392156862745e-06	0.1678125707783287	0.005845246717922745	0.17186615214022186	
5.019607843137255e-06	0.17502272769118576	0.005870461515963663	0.17188176707951622	
5.058823529411765e-06	0.18251429276694128	0.005875697948589501	0.17191705877531904	
5.098039215686274e-06	0.1800160687563167	0.005936003614332446	0.1719728180808224	
5.137254901960784e-06	0.16389303600362876	0.006048013671533777	0.17204968450917374	
5.176470588235294e-06	0.1748549693569934	0.00606984637971835	0.1721480472344699	
5.215686274509804e-06	0.17359270009068972	0.006137513406275613	0.1722679848325968	
5.254901960784313e-06	0.16725448117388025	0.006230261793042951	0.1724092495790323	
5.294117647058823e-06	0.16978189321842282	0.00624459711139155	0.17257129480276173	
5.333333333333334e-06	0.16052939985962408	0.006302973057402568	0.1727533373520453	
5.372549019607843e-06	0.1687443106270946	0.006357977334115168	0.17295444256996328	
5.411764705882353e-06	0.17124017650215811	0.006414827531015865	0.17317361686240237	
5.450980392156863e-06	0.1655317621094086	0.006494819467091455	0.17340989311706473	
5.490196078431373e-06	0.1561654718783688	0.006565506053608123	0.1736623966526855	
5.529411764705883e-06	0.17811100980448413	0.006575930882393965	0.17393038347389703	
5.568627450980393e-06	0.18291101888655578	0.006616506875785002	0.17421324760320211	
5.607843137254902e-06	0.17937727481022428	0.006721850420251216	0.17451049931179363	
5.647058823529412e-06	0.17552395876446816	0.0067840187387704694	0.1748217203961292	
5.686274509803921e-06	0.17788593176874862	0.006821762827267727	0.1751465056477463	
5.725490196078432e-06	0.1772660249870174	0.0068974231281538545	0.17548440099623636	
5.764705882352942e-06	0.18577337800930852	0.0069208425888427	0.17583484841214864	
5.8039215686274514e-06	0.17493939192158836	0.007008356064015655	0.17619714575011255	
5.843137254901961e-06	0.17345109043643428	0.0070947266614185996	0.17657042671829706	
5.882352941176471e-06	0.17638642765896473	0.007135001669294475	0.17695366263343656	
5.921568627450981e-06	0.1688804709937221	0.007185344244114347	0.17734568414881527	
5.96078431372549e-06	0.19021392183017571	0.007253717755015288	0.1777452182533864	
6e-06	0.17969184589126677	0.00567005185860512	0.1781509339253462	
