temperature	asymmetry	asymmetry_errorbar	asymmetry_fit
0.0	0.23661667529757704	0.0018302013425105202	0.2373878936095664	
3.9215686274509804e-08	0.237781188932274	0.0018436498117527797	0.2369802328584572	
7.843137254901961e-08	0.23754906907021886	0.0018568973183542955	0.23686824316546173	
1.1764705882352942e-07	0.2356975197755828	0.0018740863347231614	0.23696126148556684	
1.5686274509803921e-07	0.2365928228271946	0.0018901840987966105	0.2371521069421036	
1.96078431372549e-07	0.23725814837467468	0.0019058874218382906	0.2373438645710688	
2.3529411764705883e-07	0.23749057258712603	0.001919061881490905	0.23746609206656422	
2.7450980392156863e-07	0.23606995428023658	0.0019404480541667917	0.23748056216482352	
3.1372549019607843e-07	0.23740509273045177	0.0019574015918506008	0.2373787174097535	
3.529411764705882e-07	0.2351297071552674	0.0019735890401927423	0.23717398466051043	
3.92156862745098e-07	0.23707127753638718	0.001993525892546922	0.23689212692705847	
4.313725490196078e-07	0.23850041084850468	0.002009156223162673	0.2365621930595983	
4.7058823529411767e-07	0.23490994120191228	0.002028923194984664	0.2362096912272873	
5.098039215686274e-07	0.2338979499781294	0.0020486291647340755	0.2358526485704146	
5.490196078431373e-07	0.23694828753040936	0.0020657053054059784	0.2355004294752418	
5.88235294117647e-07	0.23512934927663828	0.0020861005101601195	0.2351546718910953	
6.274509803921569e-07	0.2346541091251797	0.002099650611620399	0.23481147984519724	
6.666666666666667e-07	0.23255053170770662	0.002121759971428303	0.23446403239375513	
7.058823529411765e-07	0.2342366840306396	0.002140053390826253	0.23410495282874966	
7.450980392156863e-07	0.2372898195207604	0.0021580748533814383	0.23372803881947044	
7.84313725490196e-07	0.2367749619648962	0.0021738249829494844	0.23332920944723184	
8.235294117647058e-07	0.23112639965484355	0.00219565798794824	0.2329067280643652	
8.627450980392156e-07	0.2339942112216174	0.002214895836928576	0.23246088648282323	
9.019607843137255e-07	0.23259285066445423	0.002238825428041371	0.23199338507781037	
9.411764705882353e-07	0.23084887345292934	0.0022591132648990386	0.23150662978204914	
9.80392156862745e-07	0.22929668169620118	0.002280224710978607	0.23100311332165224	
1.0196078431372548e-06	0.2330312579058693	0.0022968121401918226	0.23048497789652056	
1.0588235294117646e-06	0.23640443497117178	0.0023185784082490647	0.22995378917059558	
1.0980392156862745e-06	0.2310913799152102	0.0023471320415053396	0.22941049952925316	
1.1372549019607845e-06	0.23084330409989268	0.0023568241463557443	0.22885554759075988	
1.176470588235294e-06	0.22499905880633594	0.0023887840065080672	0.22828903048009277	
1.215686274509804e-06	0.2268276688228405	0.002411462037270775	0.2277108909702243	
1.2549019607843137e-06	0.22633792449460938	0.002432023855874191	0.2271210770308827	
1.2941176470588235e-06	0.22642515286757994	0.002448018265712256	0.22651965037051036	
1.3333333333333334e-06	0.22548525256353877	0.0024678729096180253	0.22590683824287006	
1.3725490196078432e-06	0.22760794698925157	0.0024860917065332457	0.22528303599901472	
1.411764705882353e-06	0.22502144286154976	0.0025176346748557264	0.22464877537143893	
1.4509803921568629e-06	0.2201865174206503	0.0025419374378117475	0.22400467558824314	
1.4901960784313726e-06	0.22046827624238827	0.002565054917035697	0.2233513924237845	
1.5294117647058821e-06	0.22302537541978468	0.002584251948260892	0.2226895759032982	
1.568627450980392e-06	0.22124419540122311	0.0026077969204953916	0.22201984223587895	
1.607843137254902e-06	0.21230324502712428	0.0026384978306906192	0.22134276092502364	
1.6470588235294116e-06	0.22178704958499185	0.002653047314539078	0.22065885466205093	
1.6862745098039217e-06	0.22291718085354537	0.002677993462058842	0.21996860780853145	
1.7254901960784313e-06	0.21803721131082188	0.002710435525330013	0.2192724788890027	
1.7647058823529412e-06	0.22269827387185825	0.0027276763867400593	0.21857091317197277	
1.803921568627451e-06	0.22090013405770428	0.0027495993500155354	0.21786435265236043	
1.8431372549019605e-06	0.21485156365578945	0.0027836942045280123	0.21715324213017734	
1.8823529411764707e-06	0.21532293704837824	0.0028104168018768974	0.21643803128452943	
1.9215686274509804e-06	0.2153969926137074	0.002831614577830448	0.21571917348364056	
1.96078431372549e-06	0.21496054396220132	0.0028532580756284605	0.21499712249703593	
2e-06	0.21122687146437977	0.002891173394710655	0.2142723283322753	
2.0392156862745097e-06	0.2129213046982269	0.002912376903838618	0.21354523321183183	
2.07843137254902e-06	0.211744177002726	0.0029360564475367865	0.21281626836103998	
2.117647058823529e-06	0.21043873531036308	0.0029687126832830474	0.21208585190849083	
2.156862745098039e-06	0.21121575585171956	0.0029835177203573304	0.2113543878878862	
2.196078431372549e-06	0.212075856924051	0.003021395511832041	0.21062226611965204	
2.235294117647059e-06	0.21536381278466515	0.003044528569441689	0.20988986265147275	
2.274509803921569e-06	0.21089730947202065	0.0030713561889408798	0.20915754043372642	
2.3137254901960787e-06	0.21204265375130074	0.0031043847484390876	0.2084256499686628	
2.352941176470588e-06	0.20348277619006894	0.0031359047246842394	0.20769452976742456	
2.3921568627450978e-06	0.20559095884884623	0.0031498642583011644	0.20696450654722834	
2.431372549019608e-06	0.20781908540648883	0.0031944841447205797	0.20623589518152036	
2.4705882352941177e-06	0.2037214135336659	0.0032225950491808096	0.20550899846816756	
2.5098039215686274e-06	0.19967885874020738	0.0032537496480238297	0.20478410680322634	
2.549019607843137e-06	0.20735632151079575	0.0032676527200549824	0.2040614978454802	
2.588235294117647e-06	0.20253814463305064	0.0033151103956968408	0.2033414362381188	
2.6274509803921567e-06	0.2020652535095084	0.003340147976122143	0.20262417342763378	
2.666666666666667e-06	0.21050590422521645	0.0033595782669629377	0.20190994759388126	
2.7058823529411766e-06	0.2023701039534653	0.0033864488243455443	0.20119898368447128	
2.7450980392156863e-06	0.19900341157333787	0.0034336601330569936	0.20049149353366083	
2.7843137254901965e-06	0.19368081444691365	0.0034711196950691736	0.19978767604085063	
2.823529411764706e-06	0.20002068640308182	0.0034881843195460195	0.19908771738511247	
2.862745098039216e-06	0.19770155662680047	0.0035143674179772275	0.19839179125758907	
2.9019607843137257e-06	0.20173744261091625	0.0035475643780486414	0.1977000591007108	
2.9411764705882355e-06	0.19494867300220264	0.0035973525854501465	0.1970126703499989	
2.980392156862745e-06	0.19366121776170334	0.0036262186649076893	0.19632976267947533	
3.0196078431372545e-06	0.19301487266884482	0.003652051963513129	0.19565146225482316	
3.0588235294117643e-06	0.19492386940155224	0.0036882783182865175	0.19497788399947574	
3.0980392156862744e-06	0.18893663296973745	0.0037353270975845347	0.19430913187821444	
3.137254901960784e-06	0.19000411691532676	0.003764011202825299	0.19364529920125684	
3.1764705882352943e-06	0.19242809834518948	0.0037932861424094504	0.1929864689498547	
3.215686274509804e-06	0.19474005803474273	0.0038277441109950774	0.19233271412260494	
3.2549019607843134e-06	0.1935748520207917	0.0038406242157943897	0.1916840981003195	
3.294117647058823e-06	0.19402570350281742	0.0038984320122132086	0.1910406750265311	
3.3333333333333337e-06	0.19241478989465463	0.003933962215325004	0.19040249020049846	
3.3725490196078435e-06	0.19446560738338545	0.003948634085560236	0.18976958047978218	
3.4117647058823532e-06	0.19076118537806652	0.004000052603305781	0.18914197468992097	
3.4509803921568626e-06	0.18863794518538257	0.004039597009347657	0.18851969403927787	
3.4901960784313723e-06	0.19364250763366836	0.004073997392420744	0.18790275253761496	
3.5294117647058825e-06	0.18472888280563515	0.004124990142507049	0.18729115741731914	
3.568627450980392e-06	0.1885610864723005	0.004147256097638245	0.18668490955641204	
3.607843137254902e-06	0.18257180739215717	0.004182567296786827	0.18608400390254337	
3.6470588235294117e-06	0.18124940304762538	0.004223388555502499	0.18548842989713601	
3.686274509803921e-06	0.1902497780887262	0.004252120984725951	0.184898171898758	
3.7254901960784316e-06	0.1852753703290681	0.0042995203612918404	0.18431320960469605	
3.7647058823529414e-06	0.17489570548824682	0.004346311462431686	0.18373351846962319	
3.803921568627451e-06	0.18186519755609645	0.004391612114608964	0.18315907012021065	
3.843137254901961e-06	0.1891340143000375	0.004415827725058836	0.18258983276453752	
3.882352941176471e-06	0.18510063360706228	0.004433303845585963	0.18202577159519298	
3.92156862745098e-06	0.18050452609731343	0.004490755375491891	0.18146684918503686	
3.96078431372549e-06	0.17998718723744364	0.004519737569847836	0.18091302587467128	
4e-06	0.18005115860436877	0.004585044813736087	0.18036426015076484	
4.0392156862745096e-06	0.18262253151938646	0.004600749880853049	0.17982050901445784	
4.078431372549019e-06	0.17913343131841797	0.004678374424646235	0.17928172833915076	
4.11764705882353e-06	0.17927265293423889	0.004707508422566992	0.17874787321704533	
4.15686274509804e-06	0.18281516566645795	0.004771381630075981	0.1782188982938609	
4.196078431372549e-06	0.169382083258642	0.004792664769906709	0.17769475809119945	
4.235294117647058e-06	0.17445002153200995	0.004841715791795169	0.17717540731607748	
4.274509803921568e-06	0.18538067773093503	0.004861495464056053	0.17666080115718788	
4.313725490196078e-06	0.18173078716172364	0.004910074101185958	0.17615089556750174	
4.352941176470588e-06	0.1731904138811349	0.0049746824509530165	0.17564564753286924	
4.392156862745098e-06	0.17889329482095637	0.005016117440221891	0.175145015326328	
4.431372549019608e-06	0.18044976856853492	0.005076634222328341	0.17464895874788283	
4.470588235294118e-06	0.16964874059708113	0.005104036936548083	0.17415743934957073	
4.509803921568627e-06	0.1799676354463781	0.005141119756632332	0.17367042064568033	
4.549019607843138e-06	0.1705210747219723	0.005201812356050843	0.17318786830804508	
4.588235294117648e-06	0.16373428438214555	0.00525785898654188	0.1727097503463788	
4.627450980392157e-06	0.17399408134134814	0.005270863739386128	0.17223603727366968	
4.666666666666667e-06	0.17464783422796404	0.00535015307609735	0.17176670225669285	
4.705882352941176e-06	0.17415664106067663	0.005388119625333979	0.17130172125174345	
4.745098039215686e-06	0.16530768410158425	0.0054272458449370255	0.17084107312573243	
4.7843137254901955e-06	0.17139630422355867	0.005506986363104876	0.17038473976282373	
4.823529411764706e-06	0.17001414188281727	0.005559884599074028	0.16993270615682826	
4.862745098039216e-06	0.15794776954998482	0.0056083404179774485	0.16948496048960301	
4.901960784313726e-06	0.16312236784206546	0.005642791522925924	0.16904149419573528	
4.941176470588235e-06	0.17507976410725576	0.005687381256205092	0.168602302013822	
4.980392156862745e-06	0.16877659310695198	0.005781791284936477	0.16816738202468257	
5.019607843137255e-06	0.16194526075935708	0.005808156736751935	0.1677367356768678	
5.058823529411765e-06	0.16514274598392517	0.0058563758224342635	0.16731036779985298	
5.098039215686274e-06	0.17057809118244394	0.005923624789254512	0.1668882866053229	
5.137254901960784e-06	0.16909153381331177	0.00597476799951937	0.166470503676977	
5.176470588235294e-06	0.16184474309227007	0.005991645495877343	0.16605703394929938	
5.215686274509804e-06	0.16847753162722043	0.006045926776697436	0.16564789567575272	
5.254901960784313e-06	0.16337749346772465	0.006115005421578975	0.16524311038686865	
5.294117647058823e-06	0.15775899679781424	0.006241732692586037	0.16484270283871763	
5.333333333333334e-06	0.16458930627291593	0.006293586810521089	0.16444670095224934	
5.372549019607843e-06	0.15466053940442653	0.006317320537259583	0.1640551357440021	
5.411764705882353e-06	0.15637718938129536	0.00635485032394537	0.163668041248684	
5.450980392156863e-06	0.16861696685647146	0.006362008781217119	0.16328545443413245	
5.490196078431373e-06	0.1646677875801567	0.0064558904278953656	0.16290741510915843	
5.529411764705883e-06	0.17091773891452774	0.006544001288881918	0.16253396582478358	
5.568627450980393e-06	0.16622076551103163	0.006570344880079529	0.1621651517693744	
5.607843137254902e-06	0.1625012227198001	0.006602391845704151	0.16180102065817545	
5.647058823529412e-06	0.1598874371482456	0.0066829069174061334	0.16144162261773778	
5.686274509803921e-06	0.15262017905044073	0.0067863512366037795	0.16108701006573403	
5.725490196078432e-06	0.15286823518865592	0.006819305610425319	0.1607372375866414	
5.764705882352942e-06	0.15921406040306862	0.006855816970545821	0.16039236180376779	
5.8039215686274514e-06	0.1578636182434141	0.0069510406341151834	0.16005244124808496	
5.843137254901961e-06	0.1603679563760049	0.006996316170081291	0.15971753622432144	
5.882352941176471e-06	0.16337847403169106	0.007089725994666758	0.15938770867475752	
5.921568627450981e-06	0.1682136820655625	0.007188974996333732	0.15906302204115025	
5.96078431372549e-06	0.16752901991148406	0.007246350161005616	0.15874354112520422	
6e-06	0.16145546686726792	0.005610039817087036	0.15842933194798933	
