[Header]
TITLE,Ag_ZF_300_to_0.35K_165_90mg.dat
BYAPP,HeatCapacity,2.7.2,1.5
INFO,169.90,MASS:Sample Mass (mg)
INFO,0,MASSERR:Sample Mass Error (mg)
INFO,107.8682 ,MOLWGHT:Formula Weight (g/mole)
INFO,0,ATOMS:Atoms per Formula Unit
INFO,PPMS Heat Capacity Option 2.7.2 Build 2,APPNAME
DATATYPE,TIME,1
STARTUPAXIS, X, 7, LINEAR, AUTO
STARTUPAXIS, Y1, 9, LINEAR, AUTO
[Data]
Time Stamp (Seconds),PPMS Status (Code),Puck Temp (Kelvin),System Temp (Kelvin),Field (Oersted),Pressure (Torr),Sample Temp (Kelvin),Temp Rise (Kelvin),Samp HC (µJ/K),Samp HC Err (µJ/K),Addenda HC (µJ/K),Addenda HC Err (µJ/K),Total HC (µJ/K),Total HC Err (µJ/K),Fit Deviation (ChiSquare),Time Const tau1 (seconds),Time Const tau2 (seconds),Sample Coupling (Percent),Debye Temp (Kelvin),Debye Temp Err (Kelvin),Cal Correction (Factor),Therm Resist (Ohms),Htr Resist (Ohms),Puck Resist (Ohms),Wire Cond (W/K),Meas Time (seconds),Temp Squared (K^2),Samp HC/Temp (µJ/K/K),Addenda Offset HC (µJ/K)
24071075.66,5905,0,295.001,0.092,0.0003531,298.56898,6.2804809,39350.41,13.79,10845.236,3.154,50195.645,13.79,0.34313164,446.468,0.12637054,99.832827,0,0,1,,,,0.00011254,515.5305,89143.434,131.79671,0,,,
24074225.61,5905,0,295.029,0.092,0.000366,298.22395,5.6244229,39353.208,13.86,10833.833,3.144,50187.042,13.86,0.1137001,447.9858,0.11516768,99.848071,0,0,1,,,,0.00011213,446.468,88937.527,131.95858,0,,,
24077384.47,5905,0,295.005,0.092,0.0003574,298.20767,5.6342572,39349.823,14.96,10833.383,3.144,50183.206,14.96,0.14022802,448.69163,0.11447642,99.849225,0,0,1,,,,0.00011195,447.9858,88927.813,131.95443,0,,,
24082219.97,5905,0,281.856,0.092,0.0003841,284.8199,5.1622538,39261.893,19.35,10425.465,2.978,49687.358,19.35,0.058440139,499.29398,0.11009503,99.86696,0,0,1,,,,9.9598E-5,448.6916,81122.375,137.84814,0,,,
24085738.52,5905,0,281.875,0.092,0.0003705,284.99888,5.4748608,39278.406,14.62,10431.441,2.979,49709.847,14.62,0.15950502,499.88375,0.12702623,99.846688,0,0,1,,,,9.9538E-5,499.294,81224.359,137.81951,0,,,
24089262.67,5905,0,281.902,0.092,0.0003841,285.02206,5.4831438,39289.982,14.32,10432.152,2.979,49722.134,14.32,0.48546295,499.77715,0.11414056,99.862198,0,0,1,,,,9.9574E-5,499.8838,81237.575,137.84891,0,,,
24094513.31,5905,0,269.333,0.092,0.000403,272.22035,5.0552701,39108.144,16.15,10020.775,2.979,49128.919,16.15,0.17045448,551.77703,0.1178672,99.86839,0,0,1,,,,8.9112E-5,499.7771,74103.917,143.66356,0,,,
24098400.27,5905,0,269.333,0.092,0.000403,272.3723,5.3078806,39121.34,12.86,10025.965,2.979,49147.305,12.86,0.5264589,549.22886,0.11610845,99.869767,0,0,1,,,,8.9558E-5,551.777,74186.672,143.63186,0,,,
24102270.3,5905,0,269.322,0.092,0.000403,272.37373,5.2878988,39110.177,13.2,10025.916,2.979,49136.093,13.2,0.13913618,548.01744,0.10930719,99.877147,0,0,1,,,,8.9731E-5,549.2289,74187.451,143.59012,0,,,
24107898.7,5905,0,257.335,0.092,0.0003934,260.16138,4.909463,38830.748,22.79,9601.8708,2.926,48432.619,22.79,0.067304026,603.17258,0.10554752,99.889875,0,0,1,,,,8.0353E-5,548.0174,67683.941,149.25639,0,,,
24112143.66,5905,0,257.346,0.092,0.000403,260.2921,5.1266072,38790.223,15.63,9606.6535,2.927,48396.876,15.63,0.30102934,600.09806,0.12082499,99.873401,0,0,1,,,,8.0714E-5,603.1726,67751.977,149.02574,0,,,
24116366.89,5905,0,257.344,0.092,0.0003982,260.28701,5.1044924,38791.646,16.6,9606.3512,2.927,48397.997,16.6,0.24473871,598.7116,0.10218664,99.892683,0,0,1,,,,8.0893E-5,600.0981,67749.326,149.03412,0,,,
24122385.48,5905,0,245.902,0.092,0.0003934,248.60248,4.7511555,38683.604,11.65,9166.1807,2.742,47849.785,11.65,1.5319781,654.37964,0.094736801,99.90649,0,0,1,,,,7.3167E-5,598.7116,61803.195,155.60426,0,,,
24126988.69,5905,0,245.887,0.092,0.0004079,248.69293,4.9110297,38679.554,14.6,9169.4981,2.744,47849.052,14.6,0.11094104,651.49358,0.098642077,99.902231,0,0,1,,,,7.3492E-5,654.3796,61848.172,155.53138,0,,,
24131572.09,5905,0,245.897,0.092,0.0004079,248.68838,4.8907807,38669.995,14.44,9169.2055,2.744,47839.201,14.44,0.16111749,649.38364,0.090337899,99.910185,0,0,1,,,,7.3712E-5,651.4936,61845.91,155.49579,0,,,
24137991.16,5905,0,234.978,0.092,0.0004331,237.55486,4.589883,38469.846,15.11,8723.705,2.529,47193.551,15.11,0.13748723,708.33564,0.092170306,99.913619,0,0,1,,,,6.6664E-5,649.3836,56432.313,161.94089,0,,,
24142975.19,5905,0,234.938,0.092,0.0004384,237.6318,4.7248306,38418.395,11.25,8726.5446,2.53,47144.94,11.25,1.5229089,705.44895,0.096419514,99.909361,0,0,1,,,,6.687E-5,708.3356,56468.874,161.67194,0,,,
24147934.77,5905,0,234.969,0.092,0.00046,237.62603,4.7094066,38430.649,13.24,8726.3181,2.53,47156.967,13.24,0.46958338,707.0733,0.10869757,99.898027,0,0,1,,,,6.6738E-5,705.4489,56466.132,161.72744,0,,,
24154809.17,5905,0,224.502,0.092,0.0004944,227.03459,4.489042,37885.705,13.92,8281.8477,2.337,46167.553,13.92,0.09546938,757.16662,0.07477568,99.932897,0,0,1,,,,6.1002E-5,707.0733,51544.706,166.87195,0,,,
24160131.47,5905,0,224.513,0.092,0.00046,227.05071,4.5424948,37892.188,21.1,8282.1066,2.337,46174.295,21.1,0.097648604,761.28001,0.10797365,99.903611,0,0,1,,,,6.0693E-5,757.1666,51552.025,166.88866,0,,,
24165482.86,5905,0,224.499,0.092,0.0003982,227.05302,4.5518021,37874.677,15.86,8282.0944,2.337,46156.771,15.86,0.28564905,755.60443,0.11186815,99.899412,0,0,1,,,,6.1127E-5,761.28,51553.075,166.80983,0,,,
24172731.58,5905,0,214.508,0.092,0.0003934,216.93133,4.3060079,37596.979,10.18,7840.936,2.201,45437.915,10.18,0.54699579,812.41869,0.08751102,99.924539,0,0,1,,,,5.5958E-5,755.6044,47059.201,173.31281,0,,,
24178443.52,5905,0,214.511,0.092,0.000375,216.95353,4.3651964,37565.473,14,7841.376,2.202,45406.849,14,0.092321754,812.88458,0.078293624,99.932568,0,0,1,,,,5.5885E-5,812.4187,47068.834,173.14986,0,,,
24184158.58,5905,0,214.511,0.092,0.0003795,216.94854,4.3553618,37623.254,13.38,7841.0847,2.202,45464.338,13.38,0.17917957,812.42497,0.082780013,99.928589,0,0,1,,,,5.5989E-5,812.8846,47066.671,173.42017,0,,,
24191845.05,5905,0,204.958,0.092,0.0003617,207.27938,4.1690683,37313.446,15.58,7407.0931,2.155,44720.539,15.58,0.044414808,867.7541,0.073682096,99.938543,0,0,1,,,,5.1558E-5,812.425,42964.743,180.01523,0,,,
24197944.06,5905,0,204.95,0.092,0.0003617,207.29047,4.1786382,37334.076,11.21,7406.7712,2.155,44740.847,11.21,0.19250759,865.8115,0.07755015,99.935145,0,0,1,,,,5.1698E-5,867.7541,42969.341,180.10512,0,,,
24204028.19,5905,0,204.975,0.092,0.000366,207.28239,4.172938,37303.09,13.27,7406.4693,2.155,44709.559,13.27,0.31057602,869.08908,0.096731039,99.919447,0,0,1,,,,5.1473E-5,865.8115,42965.987,179.96266,0,,,
24212158.45,5905,0,195.852,0.092,0.0003705,198.04655,4.0122376,37132.728,17.71,6979.443,2.208,44112.171,17.71,0.074093469,924.32532,0.093234033,99.924242,0,0,1,,,,4.7749E-5,869.0891,39222.436,187.49495,0,,,
24218650.75,5905,0,195.846,0.092,0.0003447,198.07375,4.0034184,37225.234,15.06,6979.8201,2.208,44205.054,15.06,0.099934276,923.277,0.088528095,99.927866,0,0,1,,,,4.7903E-5,924.3253,39233.21,187.93623,0,,,
24225137.81,5905,0,195.843,0.092,0.0003982,198.0657,3.9939209,37232.494,14.92,6979.4244,2.208,44211.918,14.92,0.068834887,925.96715,0.087389445,99.928988,0,0,1,,,,4.7771E-5,923.277,39230.023,187.98052,0,,,
24233696.69,5905,0,187.116,0.092,0.0003934,189.29296,3.8602288,36986.057,16.72,6561.7119,2.305,43547.769,16.72,0.038549916,978.65245,0.069686079,99.944345,0,0,1,,,,4.4516E-5,925.9672,35831.824,195.39056,0,,,
24240568.75,5905,0,187.126,0.092,0.0004079,189.28207,3.8360833,36953.533,15.06,6560.3366,2.305,43513.869,15.06,0.16834334,980.26918,0.094215797,99.924908,0,0,1,,,,4.4414E-5,978.6525,35827.701,195.22997,0,,,
24247452.11,5905,0,187.135,0.092,0.000403,189.28303,3.8363282,36955.242,13.25,6560.2971,2.305,43515.539,13.25,0.16134364,977.2079,0.077866157,99.937746,0,0,1,,,,4.455E-5,980.2692,35828.066,195.23801,0,,,
24256439.75,5905,0,178.824,0.092,0.0003617,180.87825,3.6927842,36824.449,20.26,6148.6351,2.392,42973.085,20.26,0.052305726,1035.1236,0.088195294,99.930486,0,0,1,,,,4.1536E-5,977.2079,32716.94,203.58694,0,,,
24263462.91,5905,0,178.801,0.092,0.000366,180.81675,3.5705644,36805.975,13.33,6144.2334,2.393,42950.209,13.33,0.09193407,1031.3675,0.059935631,99.952585,0,0,1,,,,4.1658E-5,1000,32694.697,203.55402,0,,,
24270484.66,5905,0,178.797,0.092,0.000366,180.81439,3.5696954,36800.04,16.42,6144.1468,2.393,42944.187,16.42,0.081438229,1034.366,0.06143913,99.951542,0,0,1,,,,4.1532E-5,1000,32693.844,203.52384,0,,,
24279637.73,5905,0,170.842,0.092,0.0003617,172.81007,3.4630481,36486.738,15.56,5741.3254,2.428,42228.063,15.56,0.05293321,1082.7686,0.085028292,99.933131,0,0,1,,,,3.902E-5,1000,29863.32,211.1378,0,,,
24286660.66,5905,0,170.853,0.092,0.000366,172.71557,3.2866702,36486.466,15.71,5735.0793,2.428,42221.546,15.71,0.086003588,1084.5983,0.11061673,99.913077,0,0,1,,,,3.8954E-5,1000,29830.667,211.25175,0,,,
24293683.88,5905,0,170.847,0.092,0.0003841,172.70996,3.2792244,36498.097,17.25,5734.7263,2.428,42232.823,17.25,0.042289097,1085.4672,0.098197077,99.92288,0,0,1,,,,3.893E-5,1000,29828.73,211.32595,0,,,
24303267.41,5905,0,163.237,0.092,0.000366,165.03147,3.1429729,36127.303,26.94,5335.5793,2.397,41462.882,26.94,0.015128843,1140.1974,0.36061396,99.71751,0,0,1,,,,3.6443E-5,1000,27235.387,218.91159,0,,,
24310291.22,5905,0,163.257,0.092,0.0003531,164.97589,3.0220799,36119.907,19.16,5331.4851,2.397,41451.392,19.16,0.030225036,1135.1279,0.35709345,99.718903,0,0,1,,,,3.6595E-5,1000,27217.043,218.94052,0,,,
24317315.88,5905,0,163.229,0.092,0.0003982,164.97931,3.0211928,36069.346,16.21,5331.6303,2.397,41400.976,16.21,0.040119163,1133.4246,0.3461219,99.727432,0,0,1,,,,3.6603E-5,1000,27218.172,218.62951,0,,,
24327990.28,5905,0,155.979,0.092,0.0003982,157.65015,2.9037953,35753.707,15.55,4935.6702,2.336,40689.377,15.55,0.18443749,1191.8591,0.38751016,99.694453,0,0,1,,,,3.422E-5,1000,24853.568,226.79146,0,,,
24335015.58,5905,0,155.978,0.092,0.0003934,157.60569,2.7937372,35740.821,20.03,4932.1511,2.336,40672.972,20.03,0.019720792,1185.5252,0.38807706,99.692285,0,0,1,,,,3.439E-5,1000,24839.553,226.77367,0,,,
24342038.39,5905,0,155.968,0.092,0.000375,157.60405,2.7910396,35740.106,24.13,4932.0504,2.336,40672.156,24.13,0.022446546,1186.5666,0.3930698,99.688594,0,0,1,,,,3.436E-5,1000,24839.036,226.7715,0,,,
24352741.39,5905,0,149.045,0.092,0.0003795,150.59348,2.6925694,35312.691,14.79,4546.6825,2.252,39859.374,14.79,0.058327232,1236.0535,0.41680227,99.665683,0,0,1,,,,3.2332E-5,1000,22678.397,234.49017,0,,,
24359765.77,5905,0,149.056,0.092,0.0003574,150.55489,2.5887092,35324.88,23.15,4543.5774,2.251,39868.458,23.15,0.025958943,1234.2533,0.44736122,99.64031,0,0,1,,,,3.2393E-5,1000,22666.776,234.63123,0,,,
24366790.91,5905,0,149.052,0.092,0.000366,150.55153,2.5876693,35321.766,22.86,4543.3676,2.251,39865.133,22.86,0.016472614,1235.6292,0.42549537,99.658318,0,0,1,,,,3.235E-5,1000,22665.763,234.61579,0,,,
24377525.44,5905,0,142.408,0.092,0.0003531,143.84178,2.4952385,34975.7,17.64,4175.0705,2.145,39150.771,17.64,0.051412753,1289.0933,0.45617609,99.627723,0,0,1,,,,3.0461E-5,1000,20690.457,243.15397,0,,,
24385549.84,5905,0,142.413,0.092,0.0003489,143.79675,2.4046581,34916.445,13.71,4171.7174,2.144,39088.163,13.71,0.057674145,1286.021,0.45710023,99.626337,0,0,1,,,,3.0486E-5,1000,20677.504,242.81805,0,,,
24392574.36,5905,0,142.412,0.092,0.0003447,143.8023,2.3961677,34950.456,21.82,4171.8508,2.144,39122.306,21.82,0.014625868,1273.9242,0.4470412,99.630826,0,0,1,,,,3.0801E-5,1000,20679.101,243.04518,0,,,
24411342.16,5905,0,136.068,0.092,0.0003934,137.365,2.2273412,34564.448,11.73,3823.9306,2.018,38388.378,11.73,0.047591272,1318.4288,0.48398473,99.589657,0,0,1,,,,2.9214E-5,1000,18869.144,251.62485,0,,,
24418369.95,5905,0,136.069,0.092,0.0003795,137.36801,2.2215681,34600.263,29.74,3824.0153,2.018,38424.278,29.74,0.0061024896,1313.8456,0.48840528,99.584112,0,0,1,,,,2.9345E-5,1000,18869.971,251.88006,0,,,
24426396.56,5905,0,136.093,0.092,0.0003447,137.35844,2.2296913,34528.836,17.07,3823.7173,2.017,38352.554,17.07,0.057535413,1330.6982,0.52849707,99.556304,0,0,1,,,,2.8926E-5,1000,18867.341,251.37761,0,,,
24445132.52,5905,0,130.019,0.092,0.0003531,131.23108,2.0748431,34150.048,19.49,3495.1852,1.861,37645.233,19.49,0.020205713,1363.9925,0.53017862,99.537115,0,0,1,,,,2.7705E-5,1000,17221.596,260.22836,0,,,
24453158.39,5905,0,130.013,0.092,0.0003285,131.2283,2.0728077,34159.885,18.21,3495.0156,1.861,37654.901,18.21,0.026519156,1364.2918,0.52774365,99.539222,0,0,1,,,,2.7706E-5,1000,17220.867,260.30882,0,,,
24461184.78,5905,0,130.015,0.092,0.0003207,131.22787,2.0726349,34160.857,15.43,3495.0222,1.861,37655.88,15.43,0.069368353,1366.7831,0.54602609,99.524071,0,0,1,,,,2.7659E-5,1000,17220.755,260.31708,0,,,
24479906.92,5905,0,124.223,0.092,0.0003531,125.38235,1.9366122,33727.422,13.04,3181.4375,1.683,36908.859,13.04,0.06053506,1403.5607,0.56905907,99.483475,0,0,1,,,,2.6411E-5,1000,15720.734,268.99656,0,,,
24487933.09,5905,0,124.241,0.092,0.0003365,125.37497,1.936398,33697.93,24.81,3181.0542,1.683,36878.984,24.81,0.017933501,1403.5888,0.58019384,99.473673,0,0,1,,,,2.6391E-5,1000,15718.883,268.77717,0,,,
24495959.14,5905,0,124.23,0.092,0.0003841,125.38587,1.9343441,33682.754,13.78,3181.5504,1.683,36864.304,13.78,0.023922471,1392.5365,0.5653869,99.483328,0,0,1,,,,2.6588E-5,1000,15721.616,268.63277,0,,,
24515670.75,5905,0,118.719,0.092,0.0003574,119.80238,1.8145249,33227.423,19.52,2886.5846,1.506,36114.008,19.52,0.02272893,1440.7167,0.59562626,99.435619,0,0,1,,,,2.5187E-5,1000,14352.609,277.35195,0,,,
24523697.91,5905,0,118.706,0.092,0.0003447,119.80178,1.8114146,33230.146,20.56,2886.516,1.506,36116.662,20.56,0.015164949,1435.4399,0.60800636,99.421662,0,0,1,,,,2.5285E-5,1000,14352.466,277.37607,0,,,
24531725.17,5905,0,118.704,0.092,0.0003489,119.80343,1.8118779,33217.636,18.15,2886.6088,1.506,36104.245,18.15,0.025220082,1435.2178,0.61149396,99.418442,0,0,1,,,,2.5281E-5,1000,14352.861,277.26783,0,,,
24551427.05,5905,0,113.423,0.092,0.0003365,114.47306,1.7015763,32694.778,19.82,2613.0878,1.348,35307.865,19.82,0.019377662,1469.1653,0.62783858,99.373613,0,0,1,,,,2.4163E-5,1000,13104.081,285.61112,0,,,
24559455.77,5905,0,113.428,0.092,0.0003447,114.47102,1.6996215,32738.839,21.87,2613.0125,1.348,35351.851,21.87,0.015861728,1477.6421,0.64498996,99.359375,0,0,1,,,,2.4057E-5,1000,13103.614,286.00112,0,,,
24567482.23,5905,0,113.421,0.092,0.0003489,114.46855,1.6983062,32720.933,27.01,2612.851,1.348,35333.784,27.01,0.0096092277,1469.4816,0.64667391,99.35438,0,0,1,,,,2.4179E-5,1000,13103.05,285.85084,0,,,
24586176.72,5905,0,108.373,0.092,0.000366,109.37452,1.5954015,32184.9,23.46,2361.6888,1.223,34546.589,23.46,0.021821975,1504.5554,0.67704677,99.289721,0,0,1,,,,2.3104E-5,1000,11962.785,294.26324,0,,,
24594201.34,5905,0,108.368,0.092,0.0003795,109.37424,1.5912101,32186.518,25.07,2361.5809,1.223,34548.099,25.07,0.0090317083,1488.9254,0.66681498,99.29307,0,0,1,,,,2.3347E-5,1000,11962.724,294.27879,0,,,
24602225.22,5905,0,108.376,0.092,0.0003617,109.3743,1.5928252,32175.164,17.62,2361.6213,1.223,34536.785,17.62,0.022895091,1496.4684,0.66716227,99.29651,0,0,1,,,,2.3221E-5,1000,11962.738,294.1748,0,,,
24621870.34,5905,0,103.553,0.092,0.0003365,104.50093,1.4979884,31646.222,23.69,2126.4093,1.121,33772.631,23.69,0.011585145,1530.0211,0.69133202,99.229638,0,0,1,,,,2.2224E-5,1000,10920.445,302.83196,0,,,
24629895.19,5905,0,103.563,0.092,0.0003447,104.50001,1.4974207,31630.14,24.75,2126.3691,1.121,33756.509,24.75,0.011415767,1531.683,0.69647641,99.225052,0,0,1,,,,2.219E-5,1000,10920.252,302.68073,0,,,
24637920.61,5905,0,103.562,0.092,0.0003447,104.5018,1.4958838,31629.879,20.32,2126.4164,1.121,33756.295,20.32,0.017203618,1522.5506,0.69649743,99.220373,0,0,1,,,,2.2324E-5,1000,10920.626,302.67305,0,,,
24657571.77,5905,0,98.9505,0.092,0.0003531,99.838497,1.4093083,31044.579,25.2,1907.3197,1.032,32951.898,25.2,0.0078680491,1552.2469,0.7122199,99.153017,0,0,1,,,,2.139E-5,1000,9967.7256,310.94798,0,,,
24665604.64,5905,0,98.9555,0.092,0.0003934,99.837372,1.4080443,31034.553,15.74,1907.2484,1.032,32941.801,15.74,0.019799166,1548.0939,0.7138457,99.148995,0,0,1,,,,2.1441E-5,1000,9967.5009,310.85106,0,,,
24673635.89,5905,0,98.9481,0.092,0.0003934,99.834981,1.4090378,31016.752,25.05,1907.1651,1.032,32923.917,25.05,0.011880459,1551.6709,0.72420184,99.138976,0,0,1,,,,2.1382E-5,1000,9967.0234,310.6802,0,,,
24693268.2,5905,0,94.5373,0.092,0.0003447,95.353342,1.3279328,30399.613,24.48,1704.9602,0.9508,32104.574,24.48,0.0079640121,1567.8665,0.72717744,99.070808,0,0,1,,,,2.0649E-5,1000,9092.2598,318.81015,0,,,
24701300.92,5905,0,94.535,0.092,0.0003447,95.351315,1.3274114,30399.894,28.37,1704.8804,0.9508,32104.775,28.37,0.0051529036,1574.0324,0.72820416,99.073111,0,0,1,,,,2.0568E-5,1000,9091.8733,318.81988,0,,,
24709329.98,5905,0,94.545,0.092,0.0003447,95.349621,1.3282829,30403.376,20.72,1704.8416,0.9507,32108.217,20.72,0.02008048,1583.1531,0.73836329,99.065422,0,0,1,,,,2.0453E-5,1000,9091.5503,318.86205,0,,,
24728970.27,5905,0,90.3334,0.092,0.0003531,91.081658,1.2563908,29659.756,20.47,1522.4449,0.8743,31182.201,20.47,0.012543175,1587.1882,0.73601089,98.993242,0,0,1,,,,1.9827E-5,1000,8295.8684,325.63918,0,,,
24746257.31,5905,0,89.9856,0.092,0.0002678,90.751748,1.2632694,29628.632,15.32,1508.9374,0.8684,31137.569,15.32,0.034320342,1591.2209,0.73749631,98.98653,0,0,1,,,,1.975E-5,1000,8235.8798,326.48001,0,,,
24766103.36,5905,0,83.8972,0.092,0.0003246,84.585356,1.1498103,28501.908,25.91,1263.4285,0.7562,29765.337,25.91,0.0080088985,1618.1941,0.74444765,98.857197,0,0,1,,,,1.8589E-5,1000,7154.6825,336.96031,0,,,
24785848.48,5905,0,78.2006,0.092,0.0003795,78.855044,1.0601433,27321.748,23.76,1051.8837,0.6555,28373.632,23.76,0.0053108358,1624.2633,0.72539773,98.735246,0,0,1,,,,1.7676E-5,1000,6218.118,346.48067,0,,,
24805521.73,5905,0,72.8953,0.092,0.0003531,73.515227,0.98484806,26069.57,20.62,873.27618,0.5695,26942.846,20.62,0.013089258,1634.0252,0.69599231,98.62532,0,0,1,,,,1.6704E-5,1000,5404.4887,354.61455,0,,,
24826113.88,5905,0,67.9606,0.092,0.0003531,68.533571,0.92218514,24717.351,22.09,724.07207,0.5069,25441.423,22.09,0.020531929,1621.1181,0.65134406,98.527606,0,0,1,,,,1.5915E-5,1000,4696.8504,360.66048,0,,,
24846627.61,5905,0,63.3403,0.092,0.000366,63.897001,0.87045772,23288.392,22.49,599.2025,0.4554,23887.594,22.49,0.016052022,1596.3187,0.59704079,98.44889,0,0,1,,,,1.5188E-5,1000,4082.8267,364.46768,0,,,
24867077.88,5905,0,59.0405,0.092,0.0003531,59.572379,0.83051361,21781.547,21.2,495.19065,0.3893,22276.738,21.2,0.021680261,1576.7173,0.54651622,98.381305,0,0,1,,,,1.4351E-5,1000,3548.8683,365.63165,0,,,
24886449.88,5905,0,55.0434,0.092,0.0003447,55.537417,0.79937531,20198.63,15.45,408.88115,0.2926,20607.511,15.45,0.042676965,1526.5784,0.49202293,98.316545,0,0,1,,,,1.3721E-5,1000,3084.4047,363.69409,0,,,
24905750.23,5905,0,51.3074,0.092,0.0003131,51.777192,0.77299229,18646.893,14.18,338.58465,0.2246,18985.478,14.18,0.069367324,1475.7447,0.44000575,98.269909,0,0,1,,,,1.3084E-5,1000,2680.8776,360.1372,0,,,
24924967.03,5905,0,47.831,0.092,0.0003531,48.271866,0.7501785,17108.957,11.44,282.08536,0.2001,17391.043,11.44,0.30806211,1421.0633,0.39406393,98.232931,0,0,1,,,,1.2451E-5,1000,2330.173,354.42917,0,,,
24944127.55,5905,0,44.5871,0.092,0.0003489,45.012107,0.72867797,15556.821,11.33,236.02566,0.1835,15792.846,11.33,0.35706818,1344.9768,0.35211005,98.190865,0,0,1,,,,1.1952E-5,1000,2026.0897,345.61415,0,,,
24954188.53,5905,0,41.5593,0.092,0.0003574,42.000113,0.76178081,14014.419,13.55,199.00774,0.1751,14213.426,13.55,0.27982786,1268.6562,0.31690604,98.158506,0,0,1,,,,1.1408E-5,1000,1764.0095,333.67574,0,,,
24964184,5905,0,38.7447,0.092,0.0003489,39.1765,0.74924182,12504.911,12.74,167.84763,0.1695,12672.759,12.74,0.64898096,1192.2502,0.28293104,98.151827,0,0,1,,,,1.0824E-5,1000,1534.7982,319.1942,0,,,
24974138.11,5905,0,36.1098,0.092,0.0003705,36.547274,0.73660214,11084.034,11.83,141.77384,0.1684,11225.808,11.83,7.394731,1099.5259,0.25270559,98.123396,0,0,1,,,,1.04E-5,1000,1335.7033,303.27937,0,,,
24983040.45,5905,0,33.6628,0.092,0.0003617,34.093083,0.73103943,9704.81,12.18,120.24594,0.1701,9825.0559,12.18,1.2288258,1011.6922,0.22738922,98.106613,0,0,1,,,,9.8944E-6,1000,1162.3383,284.65627,0,,,
24991902.08,5905,0,31.3784,0.092,0.0003365,31.797298,0.72693542,8424.3458,12.26,102.16821,0.1657,8526.514,12.26,3.5657558,923.75108,0.20407285,98.099514,0,0,1,,,,9.4049E-6,1000,1011.0681,264.93905,0,,,
25001718.02,5905,0,29.2473,0.092,0.0003574,29.626241,0.66172961,7231.9322,10.03,86.71145,0.1497,7318.6437,10.03,4.0990665,832.45883,0.18141698,98.104284,0,0,1,,,,8.9575E-6,947.9713,877.71417,244.10563,0,,,
25009170.41,5905,0,26.7257,0.092,0.0003406,27.074958,0.65526247,5880.6851,9.911,70.947464,0.1205,5951.6325,9.911,6.9727302,729.62393,0.16094908,98.092467,0,0,1,,,,8.312E-6,832.4588,733.05334,217.20016,0,,,
25015748.63,5905,0,24.4173,0.092,0.0003447,24.753058,0.60561696,4712.435,8.39,57.996935,0.09347,4770.4319,8.39,18.261099,626.22688,0.13990352,98.10559,0,0,1,,,,7.7613E-6,729.6239,612.71388,190.37789,0,,,
25020831.61,5905,0,22.305,0.092,0.0003489,22.620636,0.55629008,3710.4062,6.789,47.120159,0.06897,3757.5263,6.789,2.5075953,532.66607,0.120611,98.138474,0,0,1,,,,7.1847E-6,626.2269,511.69316,164.02749,0,,,
25025187.75,5905,0,20.3802,0.092,0.0003574,20.67739,0.5163874,2891.185,5.77,38.20155,0.04895,2929.3865,5.77,5.1231543,451.74331,0.10557405,98.15179,0,0,1,,,,6.6036E-6,532.6661,427.55447,139.82349,0,,,
25029335.84,5905,0,18.6225,0.092,0.0003365,18.944224,0.47029163,2254.0455,4.775,31.047158,0.03687,2285.0926,4.775,3.8131639,373.92432,0.092058842,98.129882,0,0,1,,,,6.2245E-6,451.7433,358.88361,118.98326,0,,,
25032462.22,5905,0,17.0141,0.092,0.0003325,17.341508,0.42746511,1710.294,3.846,25.11432,0.02969,1735.4083,3.846,13.251773,312.49423,0.081636905,98.135474,0,0,1,,,,5.6559E-6,373.9243,300.72791,98.624291,0,,,
25035444.86,5905,0,15.5438,0.092,0.0003406,15.879012,0.39277293,1284.9852,3.015,20.281093,0.02729,1305.2663,3.015,1.4920237,258.31327,0.071697987,98.153398,0,0,1,,,,5.1452E-6,312.4942,252.14302,80.923498,0,,,
25037713.38,5905,0,14.2049,0.092,0.0003285,14.55491,0.35704644,962.2613,2.223,16.384808,0.02944,978.64611,2.223,2.4798127,213.78367,0.06307824,98.176555,0,0,1,,,,4.66E-6,258.3133,211.84542,66.112485,0,,,
25039866.02,5905,0,12.9804,0.092,0.0003169,13.323571,0.32457851,716.92582,1.713,13.155951,0.02946,730.08177,1.713,1.7367247,177.51486,0.055557628,98.20119,0,0,1,,,,4.1855E-6,213.7837,177.51755,53.808832,0,,,
25042248.08,5905,0,11.8568,0.092,0.0003285,12.195505,0.29439129,536.22139,1.242,10.525344,0.02516,546.74673,1.242,0.77003666,147.91243,0.048293943,98.242056,0,0,1,,,,3.7601E-6,177.5149,148.73035,43.968772,0,,,
25043990.38,5905,0,10.8396,0.092,0.0003365,11.171393,0.26525726,403.76693,0.9467,8.4130265,0.02032,412.17996,0.9467,0.48756564,123.96191,0.041713674,98.29008,0,0,1,,,,3.3806E-6,147.9124,124.80002,36.142936,0,,,
25045127.83,5905,0,9.9163,0.092,0.0003325,10.243363,0.23726164,306.44685,0.7335,6.73155,0.01673,313.1784,0.7335,0.15329758,101.91165,0.034354415,98.372954,0,0,1,,,,3.1217E-6,123.9619,104.92649,29.916624,0,,,
25046325.64,5905,0,9.0626,0.092,0.0003285,9.3776362,0.21248996,231.94019,0.4652,5.3626341,0.0137,237.30282,0.4652,1.6703881,87.612586,0.030452044,98.403101,0,0,1,,,,2.7506E-6,101.9117,87.94006,24.733332,0,,,
25047665.47,5905,0,8.2848,0.092,0.0003325,8.5873318,0.19656483,176.69717,0.3855,4.2622394,0.0121,180.95941,0.3855,2.0705921,77.373004,0.027708285,98.42022,0,0,1,,,,2.3746E-6,87.61259,73.742268,20.576493,0,,,
25048483.75,5905,0,7.5522,0.092,0.0003169,7.8391494,0.18689025,134.34884,0.5061,3.3536565,0.01226,137.70249,0.5061,0.1146817,70.371213,0.026138059,98.414033,0,0,1,,,,1.9868E-6,77.373,61.452264,17.138191,0,,,
25049551.39,5905,0,6.8889,0.092,0.0003207,7.1693993,0.17552353,103.06349,0.2743,2.6407028,0.01181,105.70419,0.2743,0.544758,58.196198,0.020934658,98.50292,0,0,1,,,,1.8426E-6,70.37121,51.400286,14.375471,0,,,
25050173.39,5905,0,6.2979,0.092,0.0003207,6.5617986,0.15651003,78.806564,0.1961,2.0752546,0.009456,80.881819,0.1961,2.5079253,50.541453,0.018210705,98.539511,0,0,1,,,,1.6228E-6,58.1962,43.057201,12.009903,0,,,
25050746.67,5905,0,5.7541,0.092,0.0003325,6.0014351,0.14356167,60.500711,0.1462,1.6222728,0.006707,62.122984,0.1462,0.41312176,43.872103,0.015335717,98.608113,0,0,1,,,,1.435E-6,50.54145,36.017224,10.081041,0,,,
25051328.08,5905,0,5.2577,0.092,0.0003207,5.4837024,0.13131636,46.645915,0.1062,1.2588233,0.004889,47.904738,0.1062,1.3897863,38.418805,0.013122613,98.648679,0,0,1,,,,1.2631E-6,43.8721,30.070992,8.5062812,0,,,
25051914.86,5905,0,4.8043,0.092,0.0003207,5.0063945,0.1197724,36.369321,0.08406,0.97113413,0.003607,37.340455,0.08406,0.65885426,33.742908,0.011046362,98.692268,0,0,1,,,,1.1205E-6,38.41881,25.063986,7.2645734,0,,,
25052398.91,5905,0,4.3914,0.092,0.0003169,4.5700982,0.10891572,28.394362,0.08219,0.74531429,0.002589,29.139676,0.08219,0.080850701,29.288254,0.0091142734,98.737023,0,0,1,,,,1.007E-6,33.74291,20.885798,6.2130747,0,,,
25052896.88,5905,0,4.0126,0.092,0.0003169,4.1658423,0.097982782,22.292919,0.05344,0.56798896,0.001742,22.860908,0.05344,0.19744801,25.925581,0.0075040412,98.792152,0,0,1,,,,8.9204E-7,29.28825,17.354242,5.3513594,0,,,
25053810.67,5905,0,3.6646,0.092,0.0003207,3.7910612,0.089153713,17.46601,0.0376,0.42956745,0.001154,17.895577,0.0376,1.4068445,23.226705,0.0065122858,98.789949,0,0,1,,,,7.7947E-7,25.92558,14.372145,4.6071558,0,,,
25054469.2,5905,0,3.3462,0.092,0.0003093,3.4463849,0.081537437,13.787741,0.02873,0.32350134,0.0008282,14.111242,0.02873,6.115289,20.72363,0.0054066208,98.822655,0,0,1,,,,6.8867E-7,23.2267,11.877569,4.0006386,0,,,
25054985.48,5905,0,3.0594,0.092,0.0003131,3.1465161,0.074459085,10.902062,0.04045,0.2465704,0.0007716,11.148633,0.04045,0.20914995,17.88393,0.0042685586,98.885039,0,0,1,,,,6.3011E-7,20.72363,9.9005638,3.4648041,0,,,
25055487.67,5905,0,2.7959,0.092,0.0003093,2.8529892,0.065346543,8.7298145,0.02908,0.18477412,0.0008346,8.9145886,0.02908,0.92682054,16.483836,0.0037560781,98.865549,0,0,1,,,,5.4676E-7,17.88393,8.1395473,3.0598835,0,,,
25056010.27,5905,0,2.5573,0.092,0.0003131,2.5874238,0.059812771,7.0767933,0.02293,0.13888477,0.0007423,7.2156781,0.02293,2.6788442,15.131827,0.0032305224,98.856962,0,0,1,,,,4.8216E-7,16.48384,6.694762,2.7350731,0,,,
25056534.44,5905,0,2.3348,0.092,0.0003207,2.3399079,0.054036067,5.7844228,0.01721,0.10495612,0.0005335,5.889379,0.01721,3.4412885,13.859012,0.0027703393,98.845584,0,0,1,,,,4.2974E-7,15.13183,5.4751688,2.4720729,0,,,
25057097.88,5905,0,2.1317,0.092,0.0003207,2.1192593,0.049637568,4.6884025,0.02265,0.080252262,0.0004363,4.7686547,0.02265,1.8409173,12.662723,0.0023196447,98.881161,0,0,1,,,,3.8071E-7,13.85901,4.4912599,2.2122836,0,,,
25057510.23,5905,0,1.947,0.092,0.0003246,1.9101485,0.043744418,3.8967632,0.01621,0.06165741,0.000442,3.9584206,0.01621,1.9892671,11.590647,0.0020093013,98.857178,0,0,1,,,,3.4535E-7,12.66272,3.6486675,2.0400315,0,,,
25057779.73,5905,0,1.779,0.092,0.0003093,1.7219357,0.038049654,3.3090402,0.01368,0.047663943,0.0003785,3.3567041,0.01368,0.59444137,10.749843,0.0017727865,98.808473,0,0,1,,,,3.1592E-7,11.59065,2.9650626,1.9216979,0,,,
25058022.52,5905,0,1.6252,0.092,0.0003246,1.5528136,0.033508565,2.7932655,0.009519,0.037215755,0.0002925,2.8304812,0.009519,0.58615917,10.069042,0.0015742201,98.780981,0,0,1,,,,2.8449E-7,10.74984,2.4112301,1.7988415,0,,,
25058372.25,5905,0,1.485,0.092,0.0003207,1.3977427,0.029017355,2.4253768,0.01225,0.029516273,0.000263,2.454893,0.01225,1.4347592,9.5176323,0.0014589891,98.693256,0,0,1,,,,2.6127E-7,10.06904,1.9536846,1.7352098,0,,,
25058623.28,5905,0,1.3569,0.092,0.0003246,1.2601643,0.025105852,2.1117338,0.009073,0.023711366,0.0002207,2.1354452,0.009073,2.2114327,8.8855082,0.0012418666,98.711272,0,0,1,,,,2.434E-7,9.517632,1.588014,1.6757607,0,,,
25058868.63,5905,0,1.2391,0.092,0.0003093,1.1343523,0.021793786,1.8327496,0.007642,0.019146646,0.0001482,1.8518963,0.007642,1.5229773,8.6099748,0.0012395726,98.573425,0,0,1,,,,2.1814E-7,8.885508,1.2867552,1.6156793,0,,,
25059115.92,5905,0,1.1321,0.092,0.0003285,1.0204669,0.019726655,1.5655257,0.005736,0.015748152,0.0001569,1.5812738,0.005736,0.48609992,8.1641037,0.0011577385,98.541325,0,0,1,,,,1.965E-7,8.609975,1.0413527,1.5341268,0,,,
25059359,5905,0,1.0348,0.092,0.0003325,0.92968404,0.017792246,1.3734026,0.008579,0.013578538,0.0002423,1.3869811,0.008579,1.2287482,7.8856085,0.0012009514,98.404497,0,0,1,,,,1.7868E-7,8.164104,0.86431242,1.4772789,0,,,
25059574.36,5905,0,0.9451,0.092,0.0003285,0.83613685,0.015248231,1.2419291,0.006598,0.01160719,0.0002566,1.2535363,0.006598,0.32773327,7.4593372,0.0011113132,98.349746,0,0,1,,,,1.7082E-7,7.885608,0.69912482,1.485318,0,,,
25059822.3,5905,0,0.864,0.092,0.0003325,0.75419769,0.013264798,1.1071393,0.005098,0.010078775,0.0001688,1.1172181,0.005098,0.77693318,7.3263009,0.0011983471,98.136868,0,0,1,,,,1.5534E-7,7.459337,0.56881416,1.4679697,0,,,
25060052.22,5905,0,0.7889,0.092,0.0003207,0.67883613,0.011728318,0.98897474,0.003943,0.0087936664,0.0001098,0.99776841,0.003943,0.76367715,7.0389355,0.0011068931,98.167438,0,0,1,,,,1.4435E-7,7.326301,0.46081849,1.4568682,0,,,
25060281.83,5905,0,0.7211,0.092,0.0003169,0.61134881,0.010167889,0.89101805,0.003182,0.0077484536,9.735E-5,0.8987665,0.003182,0.60465859,7.0458816,0.0012898062,97.811902,0,0,1,,,,1.3036E-7,7.038935,0.37374737,1.4574626,0,,,
25060529.64,5905,0,0.659,0.092,0.0003246,0.55250837,0.01403997,0.80690226,0.001866,0.0069025464,9.594E-5,0.8138048,0.001866,0.4205772,6.8910455,0.0012794048,97.743062,0,0,1,,,,1.2078E-7,7.045882,0.3052655,1.4604344,0,,,
25060776.78,5905,0,0.602,0.092,0.0003365,0.49567835,0.012991671,0.71137346,0.002026,0.0060992956,9.379E-5,0.71747275,0.002026,0.14536087,6.7621251,0.0014588433,97.373752,0,0,1,,,,1.0892E-7,6.891046,0.24569703,1.4351514,0,,,
25061020.34,5905,0,0.55,0.092,0.0003406,0.44251585,0.012667543,0.59775807,0.001842,0.005418659,0.0001069,0.60317673,0.001842,0.32602122,6.7338844,0.0016158912,97.230566,0,0,1,,,,9.208E-8,6.762125,0.19582028,1.3508173,0,,,
25061290.2,5905,0,0.5022,0.092,0.0003489,0.3906233,0.012052372,0.51607833,0.001628,0.0047191786,0.0001011,0.5207975,0.001628,0.12558012,6.6125099,0.0017942696,96.884395,0,0,1,,,,8.1247E-8,6.733884,0.15258656,1.3211663,0,,,
25061588.66,5905,0,0.4592,0.092,0.0003207,0.34317149,0.010743576,0.47051519,0.001654,0.0039558049,4.657E-5,0.47447099,0.001654,0.33917507,6.4597276,0.0017909668,96.529998,0,0,1,,,,7.6048E-8,6.61251,0.11776667,1.3710789,0,,,
25062101.38,5905,0,0.4201,0.092,0.0003574,0.30157255,0.0090746163,0.45290239,0.001485,0.0032010133,-3.603E-5,0.4561034,0.001485,0.26040772,6.4750183,0.001685427,96.118182,0,0,1,,,,7.3246E-8,6.459728,0.090946003,1.5018024,0,,,
25063018.89,5905,0,0.3829,0.092,0.0003574,0.26479841,0.0076701965,0.43985507,0.001297,0.0024807277,-0.0001317,0.44233579,0.001297,0.17035565,6.5939057,0.0015224956,95.676741,0,0,1,,,,7.0081E-8,6.475018,0.070118197,1.6610941,0,,,
25063314.81,5905,0,0.3501,0.092,0.0003489,0.35320745,0.007663693,0.36426115,0.001522,0.0041189076,6.158E-5,0.36838006,0.001522,0.11259296,6.4302712,0.0033824605,95.002856,0,0,1,,,,6.0236E-8,6.593906,0.1247555,1.0312952,0,,,
25095431.88,5905,0,0.3503,0.092,0.0003365,0.35302613,0.0076892405,0.36532716,0.002157,0.0041162717,6.134E-5,0.36944344,0.002157,0.050283283,6.6038439,0.0034186448,95.068207,0,0,1,,,,5.8783E-8,6.646384,0.12462745,1.0348445,0,,,
25095690.44,5905,0,0.393,0.092,0.0003447,0.27428304,0.0081171628,0.44731705,0.001868,0.0026718934,-0.0001049,0.44998895,0.001868,0.10015199,6.6473348,0.0015945829,95.760085,0,0,1,,,,7.0657E-8,6.603844,0.075231184,1.6308593,0,,,
25095901.2,5905,0,0.442,0.092,0.0003285,0.32385678,0.010162189,0.46104236,0.001662,0.0036140969,1.169E-5,0.46465646,0.001662,0.34061931,6.5028564,0.0017700568,96.343195,0,0,1,,,,7.4125E-8,6.647335,0.10488322,1.4235995,0,,,
25096093.19,5910,0,0.5418,0.092,0.0003285,0.3840462,0.01170387,0.50710129,0.001485,0.0046219766,9.693E-5,0.51172326,0.001485,0.40308614,6.7380107,0.0018677106,96.8045,0,0,1,,,,7.8408E-8,6.502856,0.14749148,1.3204174,0,,,
25096391.64,5905,0,0.5587,0.092,0.0003325,0.45148245,0.012587121,0.61670559,0.002028,0.0055326891,0.0001049,0.62223828,0.002028,0.32682932,6.8223101,0.0015841437,97.294398,0,0,1,,,,9.3698E-8,6.738011,0.2038364,1.3659569,0,,,
25096654.47,5905,0,0.6268,0.092,0.0003285,0.52033856,0.01319942,0.75497793,0.002007,0.0064397884,9.315E-5,0.76141772,0.002007,0.57944886,6.9581305,0.0014137881,97.517493,0,0,1,,,,1.1217E-7,6.82231,0.27075222,1.450936,0,,,
25096917.27,5905,0,0.705,0.092,0.0003365,0.59532518,0.0097946115,0.86273354,0.0034,0.007511583,9.68E-5,0.87024512,0.0034,0.83084045,6.995251,0.0013013389,97.778268,0,0,1,,,,1.2718E-7,6.958131,0.35441207,1.4491803,0,,,
25097158.11,5905,0,0.7917,0.092,0.0003325,0.68100967,0.011486304,0.98729224,0.004672,0.0088291612,0.0001106,0.9961214,0.004672,0.17278389,7.3676837,0.0012451588,98.039097,0,0,1,,,,1.3786E-7,6.995251,0.46377417,1.4497478,0,,,
25097401.61,5905,0,0.8902,0.092,0.0003365,0.77973704,0.013542197,1.1506792,0.005649,0.010536753,0.0001992,1.161216,0.005649,2.4302239,7.5069252,0.0011714096,98.234479,0,0,1,,,,1.5742E-7,7.367684,0.60798986,1.4757273,0,,,
25097648.72,5905,0,0.9998,0.092,0.0003365,0.89173932,0.015797563,1.3242072,0.00895,0.01275963,0.0002661,1.3369668,0.00895,2.1301262,7.7922891,0.0010839888,98.506876,0,0,1,,,,1.7413E-7,7.506925,0.79519902,1.4849711,0,,,
25100350.72,5905,0,1.4999,0.092,0.0003447,1.4114468,0.024560309,2.4526225,0.0181,0.030133744,0.0002652,2.4827562,0.0181,1.5618987,9.5407317,0.0013831267,98.776636,0,0,1,,,,2.6337E-7,7.827168,1.9921822,1.7376655,0,,,
25100609.53,5905,0,1.3891,0.092,0.0003093,1.2938999,0.025730192,2.1911389,0.009634,0.025067142,0.0002368,2.216206,0.009634,1.1447882,8.9756734,0.0012397688,98.749915,0,0,1,,,,2.4997E-7,9.540732,1.6741771,1.6934377,0,,,
25102233.39,5905,0,1.2868,0.092,0.0002776,1.1848157,0.022731716,1.9436721,0.007982,0.020874008,0.0001746,1.9645461,0.007982,0.43261039,8.6428696,0.001186929,98.67686,0,0,1,,,,2.3029E-7,8.975673,1.4037884,1.6404847,0,,,
25102539.34,5905,0,1.1926,0.092,0.0002157,1.1733262,0.00090092079,0.10374935,0.07267,0.020343138,0.0001658,0.12409249,0.07267,0.27257796,0.0080643996,0,100,0,0,1,,,,1.5388E-5,0.09311642,1.3766944,0.088423275,0,,,
25102746.23,5905,0,1.1045,0.092,0.0001959,1.1019076,0.00064876577,0.10378378,0.0001372,0.017990842,0.0001372,0.12177462,0,0.54271546,0.0067836368,0,100,0,0,1,,,,1.7951E-5,0.08690592,1.2142004,0.094185556,0,,,
25102954.92,5905,0,1.0234,0.092,0.0001912,1.0372769,0.00044184469,0.085849909,0.0001476,0.016108375,0.0001476,0.10195828,0,1.1616442,0.0045545911,0,100,0,0,1,,,,2.2386E-5,0.08184077,1.0759434,0.082764696,0,,,
25103561.42,5905,0,0.946,0.092,0.000154,0.91446886,0.00056819565,0.13794712,0.0002558,0.013186131,0.0002558,0.15113325,0,0.9029242,0.013170444,0,100,0,0,1,,,,1.1475E-5,0.07804432,0.8362533,0.15084945,0,,,
25103815.2,5905,0,0.8777,0.092,0.0001468,0.8682055,0.00047173907,0.23035192,0.129,0.012213018,0.0002695,0.24256494,0.129,1.3742871,0.030669134,0,100,0,0,1,,,,7.9091E-6,0.07493951,0.75378078,0.26531958,0,,,
25104031.06,5905,0,0.8117,0.092,0.0001486,0.81341766,0.00033260187,0.12467054,0.0692,0.011119655,0.0002346,0.13579019,0.06919,0.82732385,0.0083439155,0,100,0,0,1,,,,1.6274E-5,0.07218095,0.66164829,0.15326756,0,,,
25104217,5905,0,0.7533,0.092,0.0001504,0.76289031,0.00037122235,0.09434642,0.0426,0.010192881,0.0001763,0.1045393,0.0426,0.44209385,0.0083882748,0,100,0,0,1,,,,1.2463E-5,0.06992498,0.58200163,0.12366971,0,,,
25104518.22,5905,0,0.6973,0.092,0.0001522,0.64623845,0.0002807062,0.11882382,0.0001007,0.0082492417,0.0001007,0.12707307,0,0.42119104,0.010975627,0,100,0,0,1,,,,1.1578E-5,0.06806591,0.41762413,0.18386994,0,,,
25104779.28,5905,0,0.6465,0.092,0.0001578,0.60513377,0.00028118975,0.11201432,9.703E-5,0.00763175,9.703E-5,0.11964607,0,1.656063,0.013384117,0,100,0,0,1,,,,8.9394E-6,0.0666418,0.36618688,0.18510671,0,,,
25105061.58,5905,0,0.5979,0.092,0.0001559,0.55314887,0.00021250765,0.02852421,0.03334,0.0068783208,9.587E-5,0.035402531,0.03334,0.18839065,0.0031295793,0,100,0,0,1,,,,1.1312E-5,0.06559879,0.30597368,0.051566968,0,,,
25105315.14,5905,0,0.5539,0.092,0.0001716,0.44297482,0.00030797113,-0.0029823517,0.0009294,0.0053951652,0.0001073,0.0024128135,0.0009231,0.2581497,0.00029733466,0,100,0,0,1,,,,8.1148E-6,0.06480169,0.19622669,-0.0067325534,0,,,
25105535.5,5905,0,0.5133,0.092,0.0001801,0.40085897,0.00047883023,0.0035416991,0.003652,0.0048341821,0.0001049,0.0083758812,0.00365,0.33933619,0.0018880328,0,100,0,0,1,,,,4.4363E-6,0.06416495,0.16068792,0.0088352746,0,,,
25105774.61,5905,0,0.4754,0.092,0.0001912,0.3643491,0.00058456026,0.0028542424,0.003301,0.0042805632,7.526E-5,0.0071348057,0.0033,0.19035056,0.0023100447,0,100,0,0,1,,,,3.0886E-6,0.06405558,0.13275027,0.0078338122,0,,,
25106197.5,5905,0,0.4405,0.092,0.0001983,0.32770494,0.0005516249,0.0035013892,0.00202,0.0036496234,1.552E-5,0.0071510125,0.00202,0.34092421,0.0025608805,0,100,0,0,1,,,,2.7924E-6,0.06426143,0.10739053,0.010684579,0,,,
25107946.61,5905,0,0.408,0.092,0.0002678,0.2882557,0.00057195993,0.0035247519,0.001605,0.002915171,-7.224E-5,0.006439923,0.001604,0.44916973,0.0027966238,0,100,0,0,1,,,,2.3027E-6,0.06434667,0.083091348,0.012227866,0,,,
25108145,5905,0,0.3781,0.092,0.0002743,0.25817111,0.00055629802,0.0035616184,0.001985,0.0023167521,-0.0001555,0.0058783704,0.001978,0.15212223,0.002928506,0,100,0,0,1,,,,2.0073E-6,0.06391978,0.066652321,0.013795573,0,,,
25108419.16,5905,0,0.3502,0.092,0.0002776,0.35052028,0.00065263645,0.0011285053,0.001173,0.004048373,5.522E-5,0.0051768783,0.001172,0.19900348,0.003601355,0,100,0,0,1,,,,1.4375E-6,0.06267014,0.12286447,0.003219515,0,,,
25115060.36,5905,0,1.5003,0.092,0.0003365,1.3965459,0.023167736,3.3641056,0.02428,0.029419249,0.0002626,3.3935249,0.02428,3.3222949,9.7209492,0.0018130017,97.782308,0,0,1,,,,3.5688E-7,11.26876,1.9503404,2.4088759,0,,,
25115395.88,5905,0,1.389,0.092,0.0003447,1.2850777,0.019242117,2.9743181,0.02116,0.024673522,0.0002327,2.9989917,0.02116,1.6602958,9.4061246,0.0015937803,97.879894,0,0,1,,,,3.2563E-7,9.720949,1.6514246,2.3145046,0,,,
25115677.84,5905,0,1.2871,0.092,0.0003489,1.1808993,0.01762277,2.631092,0.01718,0.020713023,0.0001719,2.651805,0.01718,1.5588603,9.2421326,0.001519229,97.833405,0,0,1,,,,2.9318E-7,9.406125,1.3945232,2.2280409,0,,,
25115944.39,5905,0,1.1921,0.092,0.0003489,1.0836987,0.016339755,2.3121096,0.01455,0.017517018,0.0001354,2.3296266,0.01455,0.85464654,8.94002,0.0014841037,97.725268,0,0,1,,,,2.6656E-7,9.242133,1.1744028,2.1335355,0,,,
25116184.84,5905,0,1.1041,0.092,0.0003325,1.0054588,0.015768387,1.9730879,0.01853,0.015345194,0.0001699,1.9884331,0.01853,2.0219672,8.4024558,0.0015079005,97.600613,0,0,1,,,,2.4238E-7,8.94002,1.0109474,1.9623758,0,,,
25116423.83,5905,0,1.0231,0.092,0.0003447,0.91997885,0.014125337,1.7311287,0.01574,0.013355634,0.0002504,1.7444844,0.01574,1.0645736,8.0118849,0.0014387828,97.579385,0,0,1,,,,2.2306E-7,8.402456,0.84636109,1.8817049,0,,,
25116639.5,5905,0,0.9469,0.092,0.0003705,0.83980692,0.012977547,1.5232703,0.009896,0.011675277,0.0002589,1.5349455,0.009896,1.7292517,8.0927052,0.0011597771,98.065112,0,0,1,,,,1.9336E-7,8.011885,0.70527566,1.8138339,0,,,
25116877.78,5905,0,0.877,0.092,0.0003705,0.76880033,0.012350533,1.3685063,0.006794,0.010335863,0.0001859,1.3788422,0.006794,1.2802118,8.6068087,0.0011380411,98.190964,0,0,1,,,,1.6311E-7,8.092705,0.59105395,1.7800543,0,,,
25117113.56,5905,0,0.813,0.092,0.0003617,0.7039076,0.011988052,1.2369731,0.004508,0.0092103938,0.0001217,1.2461835,0.004508,1.1579824,8.6458357,0.0011664877,98.126846,0,0,1,,,,1.4685E-7,8.606809,0.49548591,1.7572947,0,,,
25117344.27,5905,0,0.7532,0.092,0.0003531,0.6433946,0.010986745,1.1242303,0.003904,0.0082343323,0.0001005,1.1324646,0.003904,0.46928983,8.5364157,0.0011932359,98.02562,0,0,1,,,,1.353E-7,8.645836,0.41395662,1.7473418,0,,,
25117579.41,5905,0,0.6971,0.092,0.0003285,0.58770195,0.0098229039,1.0278984,0.003761,0.0074009481,9.667E-5,1.0352994,0.003761,0.1438091,8.3400146,0.0012616936,97.822408,0,0,1,,,,1.2686E-7,8.536416,0.34539358,1.7490131,0,,,
25117821.89,5905,0,0.646,0.092,0.0003406,0.53973726,0.013671438,0.94476674,0.002148,0.0067194143,9.523E-5,0.95148616,0.002148,0.36239518,8.176263,0.0013324959,97.620805,0,0,1,,,,1.1917E-7,8.340015,0.29131631,1.7504197,0,,,
25118065.2,5905,0,0.598,0.092,0.0003531,0.49177565,0.012864323,0.84230778,0.00211,0.0060477818,9.447E-5,0.84835556,0.00211,0.28493741,7.9830797,0.0013917659,97.474867,0,0,1,,,,1.0898E-7,8.176263,0.24184329,1.7127887,0,,,
25118324.72,5905,0,0.5541,0.092,0.0003617,0.44648037,0.012571202,0.72584669,0.002005,0.0054672553,0.0001061,0.73131395,0.002005,0.63413179,8.0462017,0.0016004067,97.245702,0,0,1,,,,9.3426E-8,7.98308,0.19934472,1.625708,0,,,
25118640.02,5905,0,0.5131,0.092,0.0003617,0.40242521,0.012256209,0.63733845,0.00178,0.0048855981,0.0001061,0.64222405,0.00178,0.26407021,8.0217176,0.0017509508,97.022632,0,0,1,,,,8.2481E-8,8.046202,0.16194605,1.5837438,0,,,
25118917.47,5905,0,0.4752,0.092,0.0003447,0.36072511,0.011358014,0.58161189,0.001812,0.0042526917,7.302E-5,0.58586458,0.001812,0.20979387,7.7848097,0.0017635913,96.753781,0,0,1,,,,7.7746E-8,8.021718,0.1301226,1.612341,0,,,
25119387.53,5905,0,0.4402,0.092,0.0003489,0.32253409,0.0099761467,0.54869887,0.00179,0.0035901288,9.084E-6,0.552289,0.00179,0.24989144,7.7538832,0.0017881542,96.29524,0,0,1,,,,7.3933E-8,7.78481,0.10402824,1.701212,0,,,
25120870.91,5905,0,0.408,0.092,0.0003574,0.28930901,0.0086744155,0.53417357,0.00163,0.0029671223,-6.548E-5,0.53714069,0.00163,0.27404027,7.8251697,0.0016503328,96.004515,0,0,1,,,,7.1469E-8,7.753883,0.083699703,1.8463772,0,,,
25121094.27,5905,0,0.3782,0.092,0.000366,0.26012481,0.0075416589,0.52381979,0.001642,0.0023856036,-0.0001454,0.52620539,0.001642,0.20814094,7.6602186,0.001435307,95.663344,0,0,1,,,,7.178E-8,7.82517,0.067664915,2.0137248,0,,,
25121387.92,5905,0,0.3503,0.092,0.0003489,0.35329004,0.0075293343,0.43421649,0.001574,0.0041201672,6.169E-5,0.43833666,0.001574,0.13691939,7.696507,0.0033611837,95.075729,0,0,1,,,,5.9849E-8,7.660219,0.12481385,1.2290652,0,,,
25130647.47,5905,0,10.0085,0.092,0.0005314,10.203763,0.0063036355,18.30189,4.993,6.6054894,0.01644,24.907379,4.993,1.150478,0.097846044,0,100,0,0,1,,,,0.00025456,2.091742,104.11679,1.7936412,0,,,
25130980.69,5905,0,8.8573,0.092,0.0003531,9.0689803,0.0055642055,16.829027,4.359,4.8716865,0.01281,21.700714,4.359,1.4837315,0.097715002,0,100,0,0,1,,,,0.00022208,1.780545,82.246403,1.8556692,0,,,
25131392.48,5905,0,7.847,0.092,0.0003207,8.0690302,0.0047567277,14.374896,3.775,3.5839809,0.01217,17.958877,3.775,1.5071076,0.090338997,0,100,0,0,1,,,,0.00019879,1.513568,65.109248,1.78149,0,,,
25131830.19,5905,0,6.9475,0.092,0.0003285,7.1655352,0.0041506663,13.225162,4.459,2.6107009,0.01174,15.835863,4.459,1.5908935,0.091406097,0,100,0,0,1,,,,0.00017325,1.281236,51.344895,1.8456629,0,,,
25134872.22,5905,0,9.9987,0.092,0.000366,10.205825,0.0066184601,14.950025,4.191,6.6089175,0.01645,21.558942,4.191,0.84189098,0.088800405,0,100,0,0,1,,,,0.00024278,2.091742,104.15887,1.4648521,0,,,
25136123.36,5905,0,10.0154,0.092,0.0003447,10.219715,0.0064470728,17.245144,4.843,6.6320377,0.0165,23.877182,4.843,1.0242206,0.095402905,0,100,0,0,1,,,,0.00025028,2.091742,104.44258,1.6874388,0,,,
25136569.69,5905,0,8.8528,0.092,0.000302,9.0730143,0.0056966039,16.14064,3.983,4.8773381,0.01281,21.017978,3.983,1.3253592,0.0965284,0,100,0,0,1,,,,0.00021774,1.780545,82.319588,1.7789722,0,,,
25137019.13,5905,0,7.8488,0.092,0.0002984,8.078324,0.004907128,15.101228,3.451,3.594893,0.01216,18.696121,3.451,1.4943147,0.097016951,0,100,0,0,1,,,,0.00019271,1.513568,65.259318,1.8693516,0,,,
25137489.11,5905,0,6.9457,0.092,0.0003056,7.1633635,0.0038920848,13.950724,5.438,2.60856,0.01173,16.559284,5.438,1.5586806,0.089650117,0,100,0,0,1,,,,0.00018471,1.281236,51.313777,1.9475102,0,,,
25137870.98,5905,0,6.1627,0.092,0.000302,6.3675081,0.0035504902,13.017423,3.995,1.8917995,0.008358,14.909222,3.995,1.2813125,0.098085869,0,100,0,0,1,,,,0.000152,1.078268,40.54516,2.0443512,0,,,
25138212.84,5905,0,5.4512,0.092,0.0002984,5.6334746,0.0026004293,6.3448798,0.005285,1.344253,0.005285,7.6891328,0,1.600485,0.048624746,0,100,0,0,1,,,,0.00015813,0.8985039,31.736036,1.1262818,0,,,
25138526.06,5905,0,4.8304,0.092,0.0002878,4.9882184,0.0026422929,7.9039465,2.213,0.95091898,0.003518,8.8548655,2.213,2.3491166,0.075846197,0,100,0,0,1,,,,0.00011675,0.7423081,24.882323,1.5845229,0,,,
25138829.06,5905,0,4.2836,0.092,0.0003056,4.4146442,0.0021909026,6.0249475,0.002211,0.66634365,0.002211,6.6912911,0,2.0807773,0.062975189,0,100,0,0,1,,,,0.00010625,0.6091698,19.489083,1.364764,0,,,
25139462.73,5905,0,3.7814,0.092,0.0002878,3.8814611,0.0018588259,4.2666424,1.311,0.45583859,0.001252,4.722481,1.311,2.9279675,0.050281103,0,100,0,0,1,,,,9.3922E-5,0.4968391,15.06574,1.0992362,0,,,
25139872.89,5905,0,3.3696,0.092,0.0002984,3.4390097,0.0016039747,2.6324276,0.6537,0.31790894,0.0008153,2.9503365,0.6537,1.9436928,0.03518298,0,100,0,0,1,,,,8.3857E-5,0.4022509,11.826788,0.76546092,0,,,
25140287.59,5905,0,2.9833,0.092,0.000302,3.0319792,0.0014541,1.7035853,1.022,0.2186609,0.0008023,1.9222462,1.022,1.5662591,0.028041131,0,100,0,0,1,,,,6.8551E-5,0.3261578,9.1928981,0.56187236,0,,,
25140710.2,5905,0,2.6421,0.092,0.0002878,2.6554146,0.0016330434,1.5501961,0.0007824,0.14811886,0.0007824,1.698315,0,0.92678826,0.040046188,0,100,0,0,1,,,,4.2409E-5,0.2644247,7.0512265,0.58378686,0,,,
25141125.48,5905,0,2.3391,0.092,0.000302,2.3211776,0.0013537557,0.56794005,0.1939,0.10164315,0.0005132,0.66958321,0.1939,1.3252953,0.016026135,0,100,0,0,1,,,,4.1781E-5,0.2168919,5.3878655,0.24467755,0,,,
25141568.61,5905,0,2.0641,0.092,0.0002913,2.02547,0.0010836309,1.140226,0.000438,0.070750339,0.000438,1.2109764,0,0.63266186,0.039579868,0,100,0,0,1,,,,3.0596E-5,0.1795053,4.1025289,0.5629439,0,,,
25142353.31,5905,0,1.8332,0.092,0.0002984,1.7654359,0.00079703644,0.56326821,0.0004003,0.050251242,0.0004003,0.61351945,0,0.40518817,0.015670735,0,100,0,0,1,,,,3.9151E-5,0.151461,3.116764,0.31905333,0,,,
25174283.22,5905,0,10.0037,0.092,0.0003131,10.210706,0.0065188429,15.763833,4.353,6.6170365,0.01647,22.380869,4.353,0.79189613,0.090669188,0,100,0,0,1,,,,0.00024684,2.091742,104.25852,1.5438533,0,,,
25176959.53,5905,10.0062,10.0056,0.092,0.0003093,10.225631,0.035923345,304.78226,14.98,6.6508449,0.01654,311.43311,14.98,5.150008,14.394991,0,100,0,0,1,,,,2.1635E-5,19.15386,104.56353,29.805717,0,,,
25179199.64,5905,10.0056,10.0056,0.092,0.0003207,10.232912,0.070455177,290.57648,0.8592,6.6761468,0.0166,297.25263,0.8592,1.4574672,34.708171,0.034064088,95.329774,0,0,1,,,,8.9657E-6,34.49286,104.71248,28.396265,0,,,
25180628.81,5905,8.92255,8.9215,0.092,0.000302,9.2033395,0.15975707,217.78632,0.4706,5.099354,0.0132,222.88567,0.4706,0.11575024,68.637548,0.029601491,98.035639,0,0,1,,,,3.3094E-6,73.22178,84.701459,23.663836,0,,,
25181669.31,5905,7.95928,7.9598,0.092,0.0003131,8.2470013,0.1631304,156.16274,0.436,3.8298767,0.01208,159.99261,0.436,0.062493506,69.495634,0.02531991,98.417941,0,0,1,,,,2.3375E-6,68.63755,68.013031,18.935699,0,,,
25182818.97,5905,7.09312,7.0931,0.092,0.000302,7.3768225,0.16978512,112.29787,0.3096,2.8502066,0.01215,115.14808,0.3096,0.13920875,59.149056,0.021146147,98.498638,0,0,1,,,,1.975E-6,69.49563,54.41751,15.223068,0,,,
25183614.48,5905,6.29194,6.2919,0.092,0.0003131,6.5569487,0.1577943,78.7468,0.1898,2.0711975,0.009432,80.817998,0.1898,0.89628886,50.365775,0.018024532,98.547859,0,0,1,,,,1.6271E-6,59.14906,42.993576,12.009672,0,,,
25184214.09,5905,5.61138,5.6118,0.092,0.0003131,5.85526,0.14359746,56.327721,0.1251,1.5143013,0.00611,57.842022,0.1251,7.1889322,42.361097,0.014820406,98.610358,0,0,1,,,,1.3837E-6,50.36577,34.28407,9.6200204,0,,,
25184787.89,5905,5.0016,5.0016,0.092,0.0002984,5.2164338,0.12778887,40.708007,0.09628,1.0923837,0.004141,41.800391,0.09628,0.27397144,35.436891,0.011615053,98.696871,0,0,1,,,,1.1943E-6,42.3611,27.211181,7.8038002,0,,,
25185423.86,5905,4.45551,4.4555,0.092,0.0003207,4.6386858,0.11304034,29.548654,0.07074,0.77850723,0.002744,30.327162,0.07074,0.28357032,30.164107,0.009549048,98.719531,0,0,1,,,,1.0178E-6,35.43689,21.517406,6.3700487,0,,,
25186093.45,5905,3.96891,3.9689,0.092,0.0003169,4.1214231,0.10012428,21.666498,0.05341,0.55036455,0.00166,22.216863,0.05341,0.23905538,25.630391,0.0074291328,98.786899,0,0,1,,,,8.7694E-7,30.16411,16.986129,5.2570429,0,,,
25186994.13,5905,3.53305,3.533,0.092,0.0003207,3.6521068,0.087462686,15.884949,0.03592,0.38437885,0.001,16.269328,0.03592,0.26877336,21.673476,0.0056976269,98.848337,0,0,1,,,,7.59E-7,25.63039,13.337884,4.3495303,0,,,
25187656.22,5905,3.14464,3.1448,0.092,0.0003169,3.237678,0.078205557,11.704164,0.03753,0.26847709,0.0007612,11.972642,0.03753,0.93827339,19.238483,0.0048616605,98.834829,0,0,1,,,,6.2934E-7,21.67348,10.482559,3.6149872,0,,,
25188183.91,5905,2.80545,2.8055,0.092,0.0003246,2.8649275,0.068770218,8.8399817,0.03213,0.18707325,0.0008337,9.027055,0.03213,0.16716517,16.325939,0.0035455594,98.919133,0,0,1,,,,5.5872E-7,19.23848,8.2078098,3.0855865,0,,,
25188709.75,5905,2.49935,2.4994,0.092,0.0003207,2.5253592,0.058759217,6.7408769,0.02004,0.12961644,0.000692,6.8704933,0.02004,1.8159325,14.608099,0.0029806655,98.886158,0,0,1,,,,4.7542E-7,16.32594,6.3774393,2.6692745,0,,,
25189268.58,5905,2.22558,2.2258,0.092,0.0003325,2.2185558,0.051472922,5.2152559,0.01511,0.090732794,0.000459,5.3059887,0.01511,0.67135748,13.2164,0.0025168273,98.854751,0,0,1,,,,4.0596E-7,14.6081,4.92199,2.3507436,0,,,
25189690.69,5905,1.98206,1.9821,0.092,0.0003246,1.9507566,0.045868205,4.0448622,0.01704,0.064959204,0.0004419,4.1098214,0.01704,1.6908486,11.842655,0.0020646445,98.867239,0,0,1,,,,3.5089E-7,13.2164,3.8054513,2.0734838,0,,,
25189958.14,5905,1.76611,1.7661,0.092,0.0003246,1.7076687,0.038417011,3.266072,0.01303,0.046707651,0.0003697,3.3127796,0.01303,0.46967169,10.680554,0.0017322443,98.82007,0,0,1,,,,3.1377E-7,11.84265,2.9161324,1.9125911,0,,,
25190210.72,5905,1.57289,1.573,0.092,0.0003365,1.4956642,0.032558765,2.6169128,0.01436,0.034193308,0.0002791,2.6511061,0.01436,0.53521354,9.7143622,0.0014725727,98.795568,0,0,1,,,,2.7615E-7,10.68055,2.2370113,1.749666,0,,,
25190469.86,5905,1.40204,1.402,0.092,0.0003406,1.3079619,0.026423206,2.2219187,0.01026,0.025652497,0.0002418,2.2475712,0.01026,2.0292204,9.1809814,0.0013467848,98.683331,0,0,1,,,,2.48E-7,9.714362,1.7107643,1.6987641,0,,,
25190749.48,5905,1.24797,1.2481,0.092,0.0003406,1.144347,0.022433743,1.854333,0.006303,0.019473764,0.0001525,1.8738068,0.006303,0.86520524,8.5040032,0.0011587005,98.657889,0,0,1,,,,2.2328E-7,9.180981,1.3095301,1.620429,0,,,
25191015.31,5905,1.11196,1.112,0.092,0.0003447,1.0124101,0.020209759,1.4986172,0.01101,0.015542504,0.0001632,1.5141597,0.01101,1.1019895,8.2612772,0.0012937441,98.435024,0,0,1,,,,1.8614E-7,8.504003,1.0249742,1.4802471,0,,,
25191252.34,5905,0.99108,0.9911,0.092,0.0003447,0.88401026,0.016959676,1.3016177,0.006571,0.012597091,0.0002685,1.3142148,0.006571,0.727294,7.6799823,0.0011652818,98.376351,0,0,1,,,,1.7389E-7,8.261277,0.78147415,1.4724011,0,,,
25191499.77,5905,0.881738,0.8817,0.092,0.0003285,0.77241212,0.013888932,1.1366952,0.005302,0.010405157,0.0001905,1.1471004,0.005302,0.93371048,7.3954778,0.0012131169,98.141751,0,0,1,,,,1.5799E-7,7.679982,0.59662048,1.4716175,0,,,
25191740.39,5905,0.786028,0.786,0.092,0.0003406,0.67582026,0.011832596,0.9792871,0.003746,0.0087454617,0.0001087,0.98803256,0.003746,0.58892521,7.0976502,0.0011648678,98.094191,0,0,1,,,,1.4186E-7,7.395478,0.45673302,1.4490348,0,,,
25191984.69,5905,0.699993,0.7,0.092,0.0003285,0.59058486,0.0098861032,0.8571077,0.003376,0.0074424557,9.671E-5,0.86455015,0.003376,0.3578067,6.9482354,0.0012601436,97.829373,0,0,1,,,,1.2714E-7,7.09765,0.34879047,1.4512863,0,,,
25192237.83,5905,0.623979,0.624,0.092,0.0003447,0.51784078,0.013450396,0.74582714,0.002101,0.0064045135,9.285E-5,0.75223165,0.002101,0.45223056,6.8517644,0.0014291186,97.467099,0,0,1,,,,1.1259E-7,6.948235,0.26815907,1.4402634,0,,,
25192497.66,5905,0.55573,0.5557,0.092,0.0003406,0.44871962,0.012854793,0.61173923,0.00191,0.0054959963,0.0001056,0.61723523,0.00191,0.24856069,6.8589601,0.001652412,97.194031,0,0,1,,,,9.2542E-8,6.851764,0.2013493,1.3632995,0,,,
25192787.91,5905,0.495054,0.495,0.092,0.0003365,0.38287809,0.012105084,0.50617596,0.001869,0.0046025165,9.599E-5,0.51077847,0.001869,0.13657214,6.6266179,0.0018141406,96.837591,0,0,1,,,,7.9553E-8,6.85896,0.14659563,1.322029,0,,,
25193250.59,5905,0.441065,0.441,0.092,0.0003406,0.32345658,0.010105547,0.46216637,0.00162,0.0036069972,1.092E-5,0.46577337,0.00162,0.27200543,6.5971651,0.0017918979,96.33482,0,0,1,,,,7.3247E-8,6.626618,0.10462416,1.4288359,0,,,
25194168.03,5905,0.392832,0.3928,0.092,0.0003489,0.274539,0.0081689202,0.44283975,0.001268,0.0026766687,-0.0001043,0.44551642,0.001268,0.2118035,6.5054872,0.0015429304,95.861066,0,0,1,,,,7.1405E-8,6.597165,0.075371664,1.6130304,0,,,
25194455.06,5905,0.35023,0.3502,0.092,0.0003447,0.35333125,0.0075905728,0.36274978,0.00128,0.0041205364,6.172E-5,0.36687032,0.00128,0.11017992,6.371525,0.0032944988,95.115344,0,0,1,,,,6.0472E-8,6.505487,0.12484298,1.0266564,0,,,
